SRfactor SZero SDispl STransp + C Wght ESU SF A B C Alpha Beta Gamma NA NB NC P1 P2 P3 U V W Z hh kk ll hk hl kl s1 s2 s3 s4 s5 s6
 5.887 0.01519 0.00000 0
alpha-Al2O3
  2  3.391 0.06236 0.000239022 4.76250 4.76250 13.02018 90.0000 90.0000 120.0000 45.0047 0 1001 14.0000 0 0 0 0 0.0107 0 1.00000 1.00000 1.00000 0 0 0 0 0 0 0 0 0
  Al1 Al+3 0.00000 0.00000 0.35231 0.41294 1.00000
   O1  O-2 0.69360 0.00000 0.25000 0.46190 1.00000
gamma-Al2O3
  4  3.201 0.09749 0.000065356 7.91250 7.91250 7.91250 90.0000 90.0000 90.0000 45.0001 0 1001 14.0000 0 0 0 0 0.0996 0 1.00000 1.00000 1.00000 0 0 0 0 0 0 0 0 0
   O1    O 0.25470 0.25470 0.25470 1.00000 1.00000
  Al1   Al 0.50000 0.50000 0.50000 0.50000 0.58000
  Al2   Al 0.12500 0.12500 0.12500 0.50000 0.84000
  Al3   Al 0.02720 0.02720 0.02720 0.50000 0.17000
Cryolite
  6 67.388 0.20720 0.007528262 5.41067 5.59064 9.45884 90.0000 124.7442 90.0000 183.1943 0 1001 14.0000 0 0 0 0 0.3622 0 1.01114 1.00000 1.00000 0 0 0 0 0 0 0 0 0
  Na1 Na+1 0.50000 0.00000 0.50000 1.75000 1.00000
  Al1 Al+3 0.00000 0.00000 0.00000 0.85000 1.00000
  Na2 Na+1 0.26760 0.44949 0.25445 1.76000 1.00000
   F1  F-1 0.11654 0.04520 0.21766 1.35000 1.00000
   F2  F-1 0.22583 0.73242 0.06188 1.20000 1.00000
   F3  F-1 0.31788 0.17477 0.04705 1.40000 1.00000
Chiolite
  7 13.529 0.14743 0.000314468 7.03061 7.03061 10.39075 90.0000 90.0000 90.0000 93.8829 0 1001 14.0000 0 0 0 0 0.4000 0 0.96924 1.00000 1.00000 0 0 0 0 0 0 0 0 0
  Na1 Na+1 0.00000 0.00000 0.50000 1.55000 1.00000
  Na2 Na+1 0.27700 0.77700 0.25000 1.70000 1.00000
  Al1 Al+3 0.00000 0.00000 0.00000 1.40000 1.00000
  Al2 Al+3 0.00000 0.50000 0.00000 0.88000 1.00000
   F1  F-1 0.00000 0.00000 0.17232 1.70000 1.00000
   F2  F-1 0.06400 0.24500 0.00000 1.70000 1.00000
   F3  F-1 0.17600 0.53671 0.11918 1.50000 1.00000
NaCa(AlF6)
 18  3.259 0.09297 0.000023852 8.75196 5.17477 20.38939 90.0000 91.1765 90.0000 54.3372 0 1001 14.0000 0 0 0 0 0.3313 0 1.00000 1.00000 1.00000 0 0 0 0 0 0 0 0 0
  Na1 Na+1 0.98680 0.24430 0.17610 2.20000 1.00000
  Na2 Na+1 0.97810 0.28340 0.44001 2.20000 1.00000
  Ca1 Ca+2 0.63030 0.24750 0.31542 0.85000 1.00000
  Ca2 Ca+2 0.62570 0.31190 0.56691 0.85000 1.00000
  Al1 Al+3 0.26880 0.24610 0.32840 1.67000 1.00000
  Al2 Al+3 0.26280 0.18030 0.55880 1.67000 1.00000
   F1  F-1 0.62900 0.62610 0.47770 1.46000 1.00000
   F2  F-1 0.58630 0.61370 0.63970 1.46000 1.00000
   F3  F-1 0.73380 0.08270 0.48240 1.46000 1.00000
   F4  F-1 0.38090 0.10030 0.26260 1.46000 1.00000
   F5  F-1 0.16250 -0.02470 0.63280 1.46000 1.00000
   F6  F-1 0.16430 0.43770 0.38140 1.46000 1.00000
   F7  F-1 0.23570 0.46690 0.62290 1.46000 1.00000
   F8  F-1 0.57860 0.59440 0.88210 1.46000 1.00000
   F9  F-1 0.91320 0.64040 0.22600 1.46000 1.00000
  F10  F-1 0.74030 0.02170 0.23070 1.46000 1.00000
  F11  F-1 0.75510 0.03340 0.62590 1.46000 1.00000
  F12  F-1 0.07480 0.27900 0.53980 1.46000 1.00000
Na2Ca3Al2F14
  6  7.718 0.09819 0.000040693 10.24578 10.24578 10.24578 90.0000 90.0000 90.0000 66.2257 0 1001 14.0000 0 0 0 0 0.4000 0 0.77246 1.00000 1.00000 0 0 0 0 0 0 0 0 0
  Ca1 Ca+2 0.46670 0.00000 0.25000 0.92804 1.00000
  Al1 Al+3 0.24820 0.24820 0.24820 0.70000 1.00000
  Na1 Na+1 0.08470 0.08470 0.08470 1.49074 1.00000
   F1  F-1 0.13870 0.30620 0.12060 1.49995 1.00000
   F2  F-1 0.36400 0.36270 0.18730 1.49995 1.00000
   F3  F-1 0.46140 0.46140 0.46140 1.49995 1.00000
Fluorite
  2  0.046 0.02141 0.000009839 5.46900 5.46900 5.46900 90.0000 90.0000 90.0000 60.0088 0 1001 14.0000 0 0 0 0 0.3800 0 1.00000 1.00000 1.00000 0 0 0 0 0 0 0 0 0
  Ca1 Ca+2 0.00000 0.00000 0.00000 0.57000 1.00000
   F1  F-1 0.25000 0.25000 0.25000 0.81000 1.00000
Weberite
  7  1.061 0.11629 0.000024677 7.07200 9.98263 7.29000 90.0000 90.0000 90.0000 150.0028 0 1001 14.0000 0 0 0 0 0.3500 0 0.90000 1.00000 1.00000 0 0 0 0 0 0 0 0 0
  Na1 Na+1 0.25000 0.25000 0.75000 1.00000 1.00000
  Na2 Na+1 0.00000 0.00000 0.00000 1.00000 1.00000
  Mg1 Mg+2 0.25000 0.25000 0.25000 1.00000 1.00000
  Al1 Al+3 0.00000 0.00000 0.50000 1.00000 1.00000
   F1  F-1 0.00000 0.25000 0.13620 1.00000 1.00000
   F2  F-1 0.00000 0.41440 0.72130 1.00000 1.00000
   F3  F-1 0.18450 0.38740 0.43040 1.00000 1.00000
Neighborite
  4  0.001 0.04176 0.000000126 5.48800 7.68193 5.36000 90.0000 90.0000 90.0000 349.9695 0 1001 14.0000 0 0 0 0 0.0011 0 1.00000 1.00000 1.00000 0 0 0 0 0 0 0 0 0
  Na1 Na+1 0.03975 0.25000 0.48800 1.76232 1.00000
  Mg1 Mg+2 0.00000 0.00000 0.00000 0.77457 1.00000
   F1  F-1 0.45470 0.25000 0.58705 3.75440 1.00000
   F2  F-1 0.29105 0.04897 0.21265 1.37148 1.00000
Elpasolite
  4  0.000 0.04321 0.000000000 8.09500 8.09500 8.09500 90.0000 90.0000 90.0000 60.0064 0 1001 14.0000 0 0 0 0 0.4000 0 1.00000 1.00000 1.00000 0 0 0 0 0 0 0 0 0
    K    K 0.25000 0.25000 0.25000 1.22383 1.00000
   Na   Na 0.50000 0.50000 0.50000 0.84484 1.00000
   Al   Al 0.00000 0.00000 0.00000 0.58428 1.00000
    F    F 0.22250 0.00000 0.00000 1.27910 1.00000
K1.58Al11O17
 11  0.407 0.09490 0.000002587 5.58500 5.58500 33.97549 90.0000 90.0000 120.0000 46.1610 0 1001 14.0000 0 0 0 0 0.0393 0 1.00000 1.00000 1.00000 0 0 0 0 0 0 0 0 0
  Al1   Al 0.16712 -0.16712 0.92980 1.00000 1.00000
  Al2   Al 0.00000 0.00000 0.34988 1.00000 1.00000
  Al3   Al 0.00000 0.00000 0.44935 1.00000 1.00000
  Al4   Al 0.00000 0.00000 0.00000 1.00000 1.00000
   O1    O 0.16419 -0.16419 0.23615 1.00000 1.00000
   O2    O 0.15396 -0.15396 0.03384 1.00000 1.00000
   O3    O 0.00000 0.00000 0.09512 1.00000 1.00000
   O4    O 0.00000 0.00000 0.29520 1.00000 1.00000
   O5    O 0.00000 0.00000 0.50000 1.00000 1.00000
   K1    K 0.00000 0.00000 -0.17086 1.00000 0.31000
   K2    K 0.08717 -0.08717 -0.16784 1.00000 0.16000
Villiaumite
  2  0.000 0.04430 0.000000000 4.63628 4.63628 4.63628 90.0000 90.0000 90.0000 90.0003 0 1001 14.0000 0 0 0 0 0.3800 0 1.00000 1.00000 1.00000 0 0 0 0 0 0 0 0 0
   Na   Na 0.00000 0.00000 0.00000 1.00000 1.00000
    F    F 0.50000 0.50000 0.50000 1.00000 1.00000