SRfactor SZero SDispl STransp + C Wght ESU SF A B C Alpha Beta Gamma NA NB NC P1 P2 P3 U V W Z hh kk ll hk hl kl s1 s2 s3 s4 s5 s6
 6.432 0.01495 0.00000 0
alpha-Al2O3
  2  0.502 0.07958 0.000034294 4.75500 4.75500 13.05000 90.0000 90.0000 120.0000 45.0000 0 1001 14.0000 0 0 0 0 0.3500 0 1.00000 1.00000 1.00000 0 0 0 0 0 0 0 0 0
  Al1 Al+3 0.00000 0.00000 0.35231 0.41294 1.00000
   O1  O-2 0.69360 0.00000 0.25000 0.46190 1.00000
gamma-Al2O3
  4  0.646 0.09965 0.000012654 7.93700 7.93700 7.93700 90.0000 90.0000 90.0000 45.0000 0 1001 14.0000 0 0 0 0 0.3500 0 1.00000 1.00000 1.00000 0 0 0 0 0 0 0 0 0
   O1    O 0.25470 0.25470 0.25470 1.00000 1.00000
  Al1   Al 0.50000 0.50000 0.50000 0.50000 0.58000
  Al2   Al 0.12500 0.12500 0.12500 0.50000 0.84000
  Al3   Al 0.02720 0.02720 0.02720 0.50000 0.17000
Cryolite
  6 88.129 0.25060 0.009537660 5.40900 5.59034 9.45755 90.0000 124.7511 90.0000 213.5210 0 1001 14.0000 0 0 0 0 0.2847 0 0.99649 1.00000 1.00000 0 0 0 0 0 0 0 0 0
  Na1 Na+1 0.50000 0.00000 0.50000 1.75000 1.00000
  Al1 Al+3 0.00000 0.00000 0.00000 0.85000 1.00000
  Na2 Na+1 0.26395 0.44918 0.25151 1.76000 1.00000
   F1  F-1 0.11701 0.04308 0.21870 1.35000 1.00000
   F2  F-1 0.22737 0.73246 0.06143 1.20000 1.00000
   F3  F-1 0.31502 0.17173 0.04370 1.40000 1.00000
Chiolite
  7  0.425 0.12715 0.000009552 7.04830 7.04830 10.36000 90.0000 90.0000 90.0000 80.0001 0 1001 14.0000 0 0 0 0 0.4000 0 1.00000 1.00000 1.00000 0 0 0 0 0 0 0 0 0
  Na1 Na+1 0.00000 0.00000 0.50000 1.55000 1.00000
  Na2 Na+1 0.27700 0.77700 0.25000 1.70000 1.00000
  Al1 Al+3 0.00000 0.00000 0.00000 1.40000 1.00000
  Al2 Al+3 0.00000 0.50000 0.00000 0.88000 1.00000
   F1  F-1 0.00000 0.00000 0.17700 1.70000 1.00000
   F2  F-1 0.06400 0.25200 0.00000 1.70000 1.00000
   F3  F-1 0.17601 0.53200 0.12100 1.50000 1.00000
NaCa(AlF6)
 18  1.865 0.13279 0.000013019 8.79252 5.21000 20.46000 90.0000 91.5000 90.0000 30.0000 0 1001 14.0000 0 0 0 0 0.4000 0 1.00000 1.00000 1.00000 0 0 0 0 0 0 0 0 0
  Na1 Na+1 0.97809 0.24430 0.17248 2.20000 1.00000
  Na2 Na+1 0.97810 0.28340 0.44834 2.20000 1.00000
  Ca1 Ca+2 0.63030 0.24750 0.31129 0.85000 1.00000
  Ca2 Ca+2 0.62570 0.33190 0.55581 0.85000 1.00000
  Al1 Al+3 0.24880 0.24610 0.32890 1.67000 1.00000
  Al2 Al+3 0.24280 0.18030 0.55880 1.67000 1.00000
   F1  F-1 0.62900 0.62610 0.47770 1.46000 1.00000
   F2  F-1 0.58630 0.61370 0.63970 1.46000 1.00000
   F3  F-1 0.73380 0.08270 0.48240 1.46000 1.00000
   F4  F-1 0.38090 0.10030 0.26260 1.46000 1.00000
   F5  F-1 0.16250 -0.02470 0.63280 1.46000 1.00000
   F6  F-1 0.16430 0.43770 0.38140 1.46000 1.00000
   F7  F-1 0.23570 0.46690 0.62290 1.46000 1.00000
   F8  F-1 0.57860 0.59440 0.88210 1.46000 1.00000
   F9  F-1 0.91320 0.64040 0.22600 1.46000 1.00000
  F10  F-1 0.74030 0.02170 0.23070 1.46000 1.00000
  F11  F-1 0.75510 0.03340 0.62590 1.46000 1.00000
  F12  F-1 0.07480 0.27900 0.53980 1.46000 1.00000
Na2Ca3Al2F14
  6  0.752 0.09488 0.000003841 10.24200 10.24200 10.24200 90.0000 90.0000 90.0000 65.0001 0 1001 14.0000 0 0 0 0 0.4000 0 0.72000 1.00000 1.00000 0 0 0 0 0 0 0 0 0
  Ca1 Ca+2 0.46670 0.00000 0.25000 0.70000 1.00000
  Al1 Al+3 0.24820 0.24820 0.24820 1.49999 1.00000
  Na1 Na+1 0.08470 0.08470 0.08470 0.70002 1.00000
   F1  F-1 0.13870 0.30620 0.12060 0.70003 1.00000
   F2  F-1 0.36400 0.36270 0.18730 1.50000 1.00000
   F3  F-1 0.46140 0.46140 0.46140 1.50000 1.00000
Fluorite
  2  6.070 0.03340 0.001271726 5.46474 5.46474 5.46474 90.0000 90.0000 90.0000 245.2256 0 1001 14.0000 0 0 0 0 0.3237 0 1.00000 1.00000 1.00000 0 0 0 0 0 0 0 0 0
  Ca1 Ca+2 0.00000 0.00000 0.00000 0.57000 1.00000
   F1  F-1 0.25000 0.25000 0.25000 0.81000 1.00000
Weberite
  7  0.094 0.05951 0.000002111 7.06694 10.02000 7.29000 90.0000 90.0000 90.0000 499.9999 0 1001 14.0000 0 0 0 0 0.1303 0 1.00000 1.00000 1.00000 0 0 0 0 0 0 0 0 0
  Na1 Na+1 0.25000 0.25000 0.75000 1.00000 1.00000
  Na2 Na+1 0.00000 0.00000 0.00000 1.00000 1.00000
  Mg1 Mg+2 0.25000 0.25000 0.25000 1.00000 1.00000
  Al1 Al+3 0.00000 0.00000 0.50000 1.00000 1.00000
   F1  F-1 0.00000 0.25000 0.13620 1.00000 1.00000
   F2  F-1 0.00000 0.41440 0.72130 1.00000 1.00000
   F3  F-1 0.18450 0.38740 0.43040 1.00000 1.00000
Neighborite
  4  1.413 0.09245 0.000160157 5.49120 7.66518 5.36472 90.0000 90.0000 90.0000 349.9995 0 1001 14.0000 0 0 0 0 0.2588 0 1.00000 1.00000 1.00000 0 0 0 0 0 0 0 0 0
  Na1 Na+1 0.03975 0.25000 0.48800 1.76232 1.00000
  Mg1 Mg+2 0.00000 0.00000 0.00000 0.77457 1.00000
   F1  F-1 0.45470 0.25000 0.58705 3.75440 1.00000
   F2  F-1 0.29105 0.04897 0.21265 1.37148 1.00000
Elpasolite
  4  0.100 0.04558 0.000002058 8.11200 8.11200 8.11200 90.0000 90.0000 90.0000 60.0001 0 1001 14.0000 0 0 0 0 0.4000 0 1.00000 1.00000 1.00000 0 0 0 0 0 0 0 0 0
    K    K 0.25000 0.25000 0.25000 1.22383 1.00000
   Na   Na 0.50000 0.50000 0.50000 0.84484 1.00000
   Al   Al 0.00000 0.00000 0.00000 0.58428 1.00000
    F    F 0.22250 0.00000 0.00000 1.27910 1.00000
K1.58Al11O17
 11  0.004 0.06548 0.000000024 5.62000 5.62000 34.06069 90.0000 90.0000 120.0000 149.5576 0 1001 14.0000 0 0 0 0 0.1203 0 1.00000 1.00000 1.00000 0 0 0 0 0 0 0 0 0
  Al1   Al 0.16712 -0.16712 0.92980 1.00000 1.00000
  Al2   Al 0.00000 0.00000 0.34988 1.00000 1.00000
  Al3   Al 0.00000 0.00000 0.44935 1.00000 1.00000
  Al4   Al 0.00000 0.00000 0.00000 1.00000 1.00000
   O1    O 0.16419 -0.16419 0.23615 1.00000 1.00000
   O2    O 0.15396 -0.15396 0.03384 1.00000 1.00000
   O3    O 0.00000 0.00000 0.09512 1.00000 1.00000
   O4    O 0.00000 0.00000 0.29520 1.00000 1.00000
   O5    O 0.00000 0.00000 0.50000 1.00000 1.00000
   K1    K 0.00000 0.00000 -0.17086 1.00000 0.31000
   K2    K 0.08717 -0.08717 -0.16784 1.00000 0.16000
Villiaumite
  2  0.000 0.02679 0.000000000 4.64000 4.64000 4.64000 90.0000 90.0000 90.0000 169.9976 0 1001 14.0000 0 0 0 0 0.0010 0 1.00000 1.00000 1.00000 0 0 0 0 0 0 0 0 0
   Na   Na 0.00000 0.00000 0.00000 1.00000 1.00000
    F    F 0.50000 0.50000 0.50000 1.00000 1.00000