SRfactor SZero SDispl STransp + C Wght ESU SF A B C Alpha Beta Gamma NA NB NC P1 P2 P3 U V W Z hh kk ll hk hl kl s1 s2 s3 s4 s5 s6
 5.849 0.01547 0.00000 0
alpha-Al2O3
  2  1.887 0.07949 0.000136161 4.76509 4.76509 13.03895 90.0000 90.0000 120.0000 45.0004 0 1001 14.0000 0 0 0 0 0.3500 0 1.00000 1.00000 1.00000 0 0 0 0 0 0 0 0 0
  Al1 Al+3 0.00000 0.00000 0.35231 0.41294 1.00000
   O1  O-2 0.69360 0.00000 0.25000 0.46190 1.00000
gamma-Al2O3
  4  1.555 0.07559 0.000032443 7.92314 7.92314 7.92314 90.0000 90.0000 90.0000 55.9462 0 1001 14.0000 0 0 0 0 0.0010 0 1.00000 1.00000 1.00000 0 0 0 0 0 0 0 0 0
   O1    O 0.25470 0.25470 0.25470 1.00000 1.00000
  Al1   Al 0.50000 0.50000 0.50000 0.50000 0.58000
  Al2   Al 0.12500 0.12500 0.12500 0.50000 0.84000
  Al3   Al 0.02720 0.02720 0.02720 0.50000 0.17000
Cryolite
  6 63.724 0.22577 0.007310957 5.40946 5.59042 9.45648 90.0000 124.7546 90.0000 180.8036 0 1001 14.0000 0 0 0 0 0.2340 0 1.01031 1.00000 1.00000 0 0 0 0 0 0 0 0 0
  Na1 Na+1 0.50000 0.00000 0.50000 1.75000 1.00000
  Al1 Al+3 0.00000 0.00000 0.00000 0.85000 1.00000
  Na2 Na+1 0.26637 0.44975 0.25341 1.76000 1.00000
   F1  F-1 0.11741 0.04528 0.21728 1.35000 1.00000
   F2  F-1 0.22537 0.73106 0.06109 1.20000 1.00000
   F3  F-1 0.31710 0.17485 0.04582 1.40000 1.00000
Chiolite
  7 11.415 0.18103 0.000271367 7.05145 7.05145 10.36593 90.0000 90.0000 90.0000 85.5201 0 1001 14.0000 0 0 0 0 0.4000 0 0.96087 1.00000 1.00000 0 0 0 0 0 0 0 0 0
  Na1 Na+1 0.00000 0.00000 0.50000 1.55000 1.00000
  Na2 Na+1 0.27700 0.77700 0.25000 1.70000 1.00000
  Al1 Al+3 0.00000 0.00000 0.00000 1.40000 1.00000
  Al2 Al+3 0.00000 0.50000 0.00000 0.88000 1.00000
   F1  F-1 0.00000 0.00000 0.17120 1.70000 1.00000
   F2  F-1 0.06218 0.24852 0.00000 1.70000 1.00000
   F3  F-1 0.17600 0.54000 0.12100 1.50000 1.00000
NaCa(AlF6)
 18  1.305 0.13208 0.000009845 8.79500 5.14687 20.30741 90.0000 91.2004 90.0000 30.0009 0 1001 14.0000 0 0 0 0 0.0010 0 1.00000 1.00000 1.00000 0 0 0 0 0 0 0 0 0
  Na1 Na+1 0.98680 0.24430 0.16810 2.20000 1.00000
  Na2 Na+1 0.97810 0.26341 0.43130 2.20000 1.00000
  Ca1 Ca+2 0.63030 0.24750 0.32080 0.85000 1.00000
  Ca2 Ca+2 0.62570 0.33190 0.57230 0.85000 1.00000
  Al1 Al+3 0.26880 0.24610 0.32890 1.67000 1.00000
  Al2 Al+3 0.26280 0.18030 0.56092 1.67000 1.00000
   F1  F-1 0.62900 0.62610 0.47770 1.46000 1.00000
   F2  F-1 0.58630 0.61370 0.63970 1.46000 1.00000
   F3  F-1 0.73380 0.08270 0.48240 1.46000 1.00000
   F4  F-1 0.38090 0.10030 0.26260 1.46000 1.00000
   F5  F-1 0.16250 -0.02470 0.63280 1.46000 1.00000
   F6  F-1 0.16430 0.43770 0.38140 1.46000 1.00000
   F7  F-1 0.23570 0.46690 0.62290 1.46000 1.00000
   F8  F-1 0.57860 0.59440 0.88210 1.46000 1.00000
   F9  F-1 0.91320 0.64040 0.22600 1.46000 1.00000
  F10  F-1 0.74030 0.02170 0.23070 1.46000 1.00000
  F11  F-1 0.75510 0.03340 0.62590 1.46000 1.00000
  F12  F-1 0.07480 0.27900 0.53980 1.46000 1.00000
Na2Ca3Al2F14
  6 14.108 0.11621 0.000076240 10.25053 10.25053 10.25053 90.0000 90.0000 90.0000 124.1120 0 1001 14.0000 0 0 0 0 0.4000 0 0.93672 1.00000 1.00000 0 0 0 0 0 0 0 0 0
  Ca1 Ca+2 0.46670 0.00000 0.25000 1.02368 1.00000
  Al1 Al+3 0.24820 0.24820 0.24820 0.70000 1.00000
  Na1 Na+1 0.08470 0.08470 0.08470 1.42876 1.00000
   F1  F-1 0.13870 0.30620 0.12060 0.70000 1.00000
   F2  F-1 0.36400 0.36270 0.18730 0.70000 1.00000
   F3  F-1 0.46140 0.46140 0.46140 1.49961 1.00000
Fluorite
  2  0.349 0.02573 0.000077325 5.46900 5.46900 5.46900 90.0000 90.0000 90.0000 60.0004 0 1001 14.0000 0 0 0 0 0.3248 0 1.00000 1.00000 1.00000 0 0 0 0 0 0 0 0 0
  Ca1 Ca+2 0.00000 0.00000 0.00000 0.57000 1.00000
   F1  F-1 0.25000 0.25000 0.25000 0.81000 1.00000
Weberite
  7  5.595 0.13054 0.000133329 7.06460 10.00071 7.29919 90.0000 90.0000 90.0000 406.8740 0 1001 14.0000 0 0 0 0 0.3500 0 0.90000 1.00000 1.00000 0 0 0 0 0 0 0 0 0
  Na1 Na+1 0.25000 0.25000 0.75000 1.00000 1.00000
  Na2 Na+1 0.00000 0.00000 0.00000 1.00000 1.00000
  Mg1 Mg+2 0.25000 0.25000 0.25000 1.00000 1.00000
  Al1 Al+3 0.00000 0.00000 0.50000 1.00000 1.00000
   F1  F-1 0.00000 0.25000 0.13620 1.00000 1.00000
   F2  F-1 0.00000 0.41440 0.72130 1.00000 1.00000
   F3  F-1 0.18450 0.38740 0.43040 1.00000 1.00000
Neighborite
  4  0.000 0.08387 0.000000006 5.48800 7.66500 5.36001 90.0000 90.0000 90.0000 349.0236 0 1001 14.0000 0 0 0 0 0.3000 0 1.00000 1.00000 1.00000 0 0 0 0 0 0 0 0 0
  Na1 Na+1 0.03975 0.25000 0.48800 1.76232 1.00000
  Mg1 Mg+2 0.00000 0.00000 0.00000 0.77457 1.00000
   F1  F-1 0.45470 0.25000 0.58705 3.75440 1.00000
   F2  F-1 0.29105 0.04897 0.21265 1.37148 1.00000
Elpasolite
  4  0.000 0.04776 0.000000000 8.11200 8.11200 8.11200 90.0000 90.0000 90.0000 60.0085 0 1001 14.0000 0 0 0 0 0.4000 0 1.00000 1.00000 1.00000 0 0 0 0 0 0 0 0 0
    K    K 0.25000 0.25000 0.25000 1.22383 1.00000
   Na   Na 0.50000 0.50000 0.50000 0.84484 1.00000
   Al   Al 0.00000 0.00000 0.00000 0.58428 1.00000
    F    F 0.22250 0.00000 0.00000 1.27910 1.00000
K1.58Al11O17
 11  0.062 0.03889 0.000000402 5.61082 5.61082 33.94422 90.0000 90.0000 120.0000 149.9999 0 1001 14.0000 0 0 0 0 0.0010 0 1.00000 1.00000 1.00000 0 0 0 0 0 0 0 0 0
  Al1   Al 0.16712 -0.16712 0.92980 1.00000 1.00000
  Al2   Al 0.00000 0.00000 0.34988 1.00000 1.00000
  Al3   Al 0.00000 0.00000 0.44935 1.00000 1.00000
  Al4   Al 0.00000 0.00000 0.00000 1.00000 1.00000
   O1    O 0.16419 -0.16419 0.23615 1.00000 1.00000
   O2    O 0.15396 -0.15396 0.03384 1.00000 1.00000
   O3    O 0.00000 0.00000 0.09512 1.00000 1.00000
   O4    O 0.00000 0.00000 0.29520 1.00000 1.00000
   O5    O 0.00000 0.00000 0.50000 1.00000 1.00000
   K1    K 0.00000 0.00000 -0.17086 1.00000 0.31000
   K2    K 0.08717 -0.08717 -0.16784 1.00000 0.16000
Villiaumite
  2  0.000 0.05082 0.000000002 4.64000 4.64000 4.64000 90.0000 90.0000 90.0000 90.0006 0 1001 14.0000 0 0 0 0 0.3800 0 1.00000 1.00000 1.00000 0 0 0 0 0 0 0 0 0
   Na   Na 0.00000 0.00000 0.00000 1.00000 1.00000
    F    F 0.50000 0.50000 0.50000 1.00000 1.00000