SRfactor SZero SDispl STransp + C Wght ESU SF A B C Alpha Beta Gamma NA NB NC P1 P2 P3 U V W Z hh kk ll hk hl kl s1 s2 s3 s4 s5 s6
 6.315 0.01558 0.00000 0
alpha-Al2O3
  2  2.525 0.06602 0.000180664 4.76288 4.76288 13.03644 90.0000 90.0000 120.0000 45.6166 0 1001 14.0000 0 0 0 0 0.0589 0 1.00000 1.00000 1.00000 0 0 0 0 0 0 0 0 0
  Al1 Al+3 0.00000 0.00000 0.35231 0.41294 1.00000
   O1  O-2 0.69360 0.00000 0.25000 0.46190 1.00000
gamma-Al2O3
  4  1.295 0.09238 0.000026984 7.90168 7.90168 7.90168 90.0000 90.0000 90.0000 45.0001 0 1001 14.0000 0 0 0 0 0.0389 0 1.00000 1.00000 1.00000 0 0 0 0 0 0 0 0 0
   O1    O 0.25470 0.25470 0.25470 1.00000 1.00000
  Al1   Al 0.50000 0.50000 0.50000 0.50000 0.58000
  Al2   Al 0.12500 0.12500 0.12500 0.50000 0.84000
  Al3   Al 0.02720 0.02720 0.02720 0.50000 0.17000
Cryolite
  6 54.543 0.17696 0.006193245 5.41044 5.59170 9.45915 90.0000 124.7382 90.0000 245.3488 0 1001 14.0000 0 0 0 0 0.2893 0 1.00026 1.00000 1.00000 0 0 0 0 0 0 0 0 0
  Na1 Na+1 0.50000 0.00000 0.50000 1.75000 1.00000
  Al1 Al+3 0.00000 0.00000 0.00000 0.85000 1.00000
  Na2 Na+1 0.26972 0.44999 0.25571 1.76000 1.00000
   F1  F-1 0.11609 0.04674 0.21736 1.35000 1.00000
   F2  F-1 0.22394 0.73168 0.06162 1.20000 1.00000
   F3  F-1 0.31846 0.17517 0.04795 1.40000 1.00000
Chiolite
  7 27.648 0.13813 0.000654318 7.02431 7.02431 10.39423 90.0000 90.0000 90.0000 196.8119 0 1001 14.0000 0 0 0 0 0.3532 0 0.96534 1.00000 1.00000 0 0 0 0 0 0 0 0 0
  Na1 Na+1 0.00000 0.00000 0.50000 1.55000 1.00000
  Na2 Na+1 0.27700 0.77700 0.25000 1.70000 1.00000
  Al1 Al+3 0.00000 0.00000 0.00000 1.40000 1.00000
  Al2 Al+3 0.00000 0.50000 0.00000 0.88000 1.00000
   F1  F-1 0.00000 0.00000 0.17267 1.70000 1.00000
   F2  F-1 0.06400 0.24635 0.00000 1.70000 1.00000
   F3  F-1 0.17758 0.53709 0.11907 1.50000 1.00000
NaCa(AlF6)
 18  2.003 0.13233 0.000014895 8.79294 5.16202 20.35357 90.0000 91.3342 90.0000 35.6654 0 1001 14.0000 0 0 0 0 0.4000 0 1.00000 1.00000 1.00000 0 0 0 0 0 0 0 0 0
  Na1 Na+1 0.98680 0.24430 0.16810 2.20000 1.00000
  Na2 Na+1 0.97810 0.28340 0.43182 2.20000 1.00000
  Ca1 Ca+2 0.63030 0.24750 0.32080 0.85000 1.00000
  Ca2 Ca+2 0.62570 0.32767 0.57230 0.85000 1.00000
  Al1 Al+3 0.26880 0.24610 0.32890 1.67000 1.00000
  Al2 Al+3 0.26280 0.18030 0.55880 1.67000 1.00000
   F1  F-1 0.62900 0.62610 0.47770 1.46000 1.00000
   F2  F-1 0.58630 0.61370 0.63970 1.46000 1.00000
   F3  F-1 0.73380 0.08270 0.48240 1.46000 1.00000
   F4  F-1 0.38090 0.10030 0.26260 1.46000 1.00000
   F5  F-1 0.16250 -0.02470 0.63280 1.46000 1.00000
   F6  F-1 0.16430 0.43770 0.38140 1.46000 1.00000
   F7  F-1 0.23570 0.46690 0.62290 1.46000 1.00000
   F8  F-1 0.57860 0.59440 0.88210 1.46000 1.00000
   F9  F-1 0.91320 0.64040 0.22600 1.46000 1.00000
  F10  F-1 0.74030 0.02170 0.23070 1.46000 1.00000
  F11  F-1 0.75510 0.03340 0.62590 1.46000 1.00000
  F12  F-1 0.07480 0.27900 0.53980 1.46000 1.00000
Na2Ca3Al2F14
  6 10.724 0.10306 0.000057486 10.24581 10.24581 10.24581 90.0000 90.0000 90.0000 85.4793 0 1001 14.0000 0 0 0 0 0.4000 0 0.77476 1.00000 1.00000 0 0 0 0 0 0 0 0 0
  Ca1 Ca+2 0.46670 0.00000 0.25000 1.04159 1.00000
  Al1 Al+3 0.24820 0.24820 0.24820 0.70000 1.00000
  Na1 Na+1 0.08470 0.08470 0.08470 0.85676 1.00000
   F1  F-1 0.13870 0.30620 0.12060 1.31364 1.00000
   F2  F-1 0.36400 0.36270 0.18730 1.49994 1.00000
   F3  F-1 0.46140 0.46140 0.46140 1.49999 1.00000
Fluorite
  2  0.011 0.00872 0.000002335 5.46900 5.46900 5.46900 90.0000 90.0000 90.0000 349.9322 0 1001 14.0000 0 0 0 0 0.0011 0 1.00000 1.00000 1.00000 0 0 0 0 0 0 0 0 0
  Ca1 Ca+2 0.00000 0.00000 0.00000 0.57000 1.00000
   F1  F-1 0.25000 0.25000 0.25000 0.81000 1.00000
Weberite
  7  0.961 0.11759 0.000022725 7.07200 9.98222 7.29000 90.0000 90.0000 90.0000 153.8206 0 1001 14.0000 0 0 0 0 0.3500 0 0.90000 1.00000 1.00000 0 0 0 0 0 0 0 0 0
  Na1 Na+1 0.25000 0.25000 0.75000 1.00000 1.00000
  Na2 Na+1 0.00000 0.00000 0.00000 1.00000 1.00000
  Mg1 Mg+2 0.25000 0.25000 0.25000 1.00000 1.00000
  Al1 Al+3 0.00000 0.00000 0.50000 1.00000 1.00000
   F1  F-1 0.00000 0.25000 0.13620 1.00000 1.00000
   F2  F-1 0.00000 0.41440 0.72130 1.00000 1.00000
   F3  F-1 0.18450 0.38740 0.43040 1.00000 1.00000
Neighborite
  4  0.002 0.03827 0.000000243 5.48800 7.67344 5.36000 90.0000 90.0000 90.0000 349.9848 0 1001 14.0000 0 0 0 0 0.0010 0 1.00000 1.00000 1.00000 0 0 0 0 0 0 0 0 0
  Na1 Na+1 0.03975 0.25000 0.48800 1.76232 1.00000
  Mg1 Mg+2 0.00000 0.00000 0.00000 0.77457 1.00000
   F1  F-1 0.45470 0.25000 0.58705 3.75440 1.00000
   F2  F-1 0.29105 0.04897 0.21265 1.37148 1.00000
Elpasolite
  4  0.000 0.01924 0.000000000 8.10471 8.10471 8.10471 90.0000 90.0000 90.0000 180.0049 0 1001 14.0000 0 0 0 0 0.0010 0 1.00000 1.00000 1.00000 0 0 0 0 0 0 0 0 0
    K    K 0.25000 0.25000 0.25000 1.22383 1.00000
   Na   Na 0.50000 0.50000 0.50000 0.84484 1.00000
   Al   Al 0.00000 0.00000 0.00000 0.58428 1.00000
    F    F 0.22250 0.00000 0.00000 1.27910 1.00000
K1.58Al11O17
 11  0.290 0.08384 0.000001847 5.60448 5.60448 34.16888 90.0000 90.0000 120.0000 67.2506 0 1001 14.0000 0 0 0 0 0.0010 0 1.00000 1.00000 1.00000 0 0 0 0 0 0 0 0 0
  Al1   Al 0.16712 -0.16712 0.92980 1.00000 1.00000
  Al2   Al 0.00000 0.00000 0.34988 1.00000 1.00000
  Al3   Al 0.00000 0.00000 0.44935 1.00000 1.00000
  Al4   Al 0.00000 0.00000 0.00000 1.00000 1.00000
   O1    O 0.16419 -0.16419 0.23615 1.00000 1.00000
   O2    O 0.15396 -0.15396 0.03384 1.00000 1.00000
   O3    O 0.00000 0.00000 0.09512 1.00000 1.00000
   O4    O 0.00000 0.00000 0.29520 1.00000 1.00000
   O5    O 0.00000 0.00000 0.50000 1.00000 1.00000
   K1    K 0.00000 0.00000 -0.17086 1.00000 0.31000
   K2    K 0.08717 -0.08717 -0.16784 1.00000 0.16000
Villiaumite
  2  0.000 0.04580 0.000000000 4.64000 4.64000 4.64000 90.0000 90.0000 90.0000 90.0003 0 1001 14.0000 0 0 0 0 0.3800 0 1.00000 1.00000 1.00000 0 0 0 0 0 0 0 0 0
   Na   Na 0.00000 0.00000 0.00000 1.00000 1.00000
    F    F 0.50000 0.50000 0.50000 1.00000 1.00000