SRfactor SZero SDispl STransp + C Wght ESU SF A B C Alpha Beta Gamma NA NB NC P1 P2 P3 U V W Z hh kk ll hk hl kl s1 s2 s3 s4 s5 s6
 5.419 0.01724 0.00000 0
alpha-Al2O3
  2  0.542 0.10269 0.000047860 4.77000 4.77000 13.05000 90.0000 90.0000 120.0000 45.0000 0 1001 14.0000 0 0 0 0 0.3500 0 1.00000 1.00000 1.00000 0 0 0 0 0 0 0 0 0
  Al1 Al+3 0.00000 0.00000 0.35231 0.41294 1.00000
   O1  O-2 0.69360 0.00000 0.25000 0.46190 1.00000
gamma-Al2O3
  4  0.900 0.13765 0.000023186 7.90592 7.90592 7.90592 90.0000 90.0000 90.0000 45.0000 0 1001 14.0000 0 0 0 0 0.3500 0 1.00000 1.00000 1.00000 0 0 0 0 0 0 0 0 0
   O1    O 0.25470 0.25470 0.25470 1.00000 1.00000
  Al1   Al 0.50000 0.50000 0.50000 0.50000 0.58000
  Al2   Al 0.12500 0.12500 0.12500 0.50000 0.84000
  Al3   Al 0.02720 0.02720 0.02720 0.50000 0.17000
Cryolite
  6 67.548 0.29666 0.009488628 5.41205 5.59223 9.46162 90.0000 124.7349 90.0000 139.4527 0 1001 14.0000 0 0 0 0 0.4000 0 0.99723 1.00000 1.00000 0 0 0 0 0 0 0 0 0
  Na1 Na+1 0.50000 0.00000 0.50000 1.75000 1.00000
  Al1 Al+3 0.00000 0.00000 0.00000 0.85000 1.00000
  Na2 Na+1 0.26658 0.44880 0.25356 1.76000 1.00000
   F1  F-1 0.11805 0.04413 0.21911 1.35000 1.00000
   F2  F-1 0.22703 0.73306 0.06181 1.20000 1.00000
   F3  F-1 0.31484 0.17329 0.04473 1.40000 1.00000
Chiolite
  7 18.495 0.21126 0.000541348 7.02672 7.02672 10.39711 90.0000 90.0000 90.0000 80.0000 0 1001 14.0000 0 0 0 0 0.4000 0 0.96530 1.00000 1.00000 0 0 0 0 0 0 0 0 0
  Na1 Na+1 0.00000 0.00000 0.50000 1.55000 1.00000
  Na2 Na+1 0.27700 0.77700 0.25000 1.70000 1.00000
  Al1 Al+3 0.00000 0.00000 0.00000 1.40000 1.00000
  Al2 Al+3 0.00000 0.50000 0.00000 0.88000 1.00000
   F1  F-1 0.00000 0.00000 0.17000 1.70000 1.00000
   F2  F-1 0.06216 0.24574 0.00000 1.70000 1.00000
   F3  F-1 0.17817 0.53404 0.11995 1.50000 1.00000
NaCa(AlF6)
 18  4.411 0.15583 0.000040544 8.75905 5.19646 20.32973 90.0000 91.2608 90.0000 37.5311 0 1001 14.0000 0 0 0 0 0.4000 0 1.00000 1.00000 1.00000 0 0 0 0 0 0 0 0 0
  Na1 Na+1 0.98680 0.24430 0.17133 2.20000 1.00000
  Na2 Na+1 0.97810 0.28340 0.44543 2.20000 1.00000
  Ca1 Ca+2 0.63030 0.24750 0.31312 0.85000 1.00000
  Ca2 Ca+2 0.62570 0.31314 0.56908 0.85000 1.00000
  Al1 Al+3 0.26871 0.24610 0.32890 1.67000 1.00000
  Al2 Al+3 0.25052 0.18030 0.55880 1.67000 1.00000
   F1  F-1 0.62900 0.62610 0.47770 1.46000 1.00000
   F2  F-1 0.58630 0.61370 0.63970 1.46000 1.00000
   F3  F-1 0.73380 0.08270 0.48240 1.46000 1.00000
   F4  F-1 0.38090 0.10030 0.26260 1.46000 1.00000
   F5  F-1 0.16250 -0.02470 0.63280 1.46000 1.00000
   F6  F-1 0.16430 0.43770 0.38140 1.46000 1.00000
   F7  F-1 0.23570 0.46690 0.62290 1.46000 1.00000
   F8  F-1 0.57860 0.59440 0.88210 1.46000 1.00000
   F9  F-1 0.91320 0.64040 0.22600 1.46000 1.00000
  F10  F-1 0.74030 0.02170 0.23070 1.46000 1.00000
  F11  F-1 0.75510 0.03340 0.62590 1.46000 1.00000
  F12  F-1 0.07480 0.27900 0.53980 1.46000 1.00000
Na2Ca3Al2F14
  6  7.186 0.14022 0.000047660 10.24792 10.24792 10.24792 90.0000 90.0000 90.0000 65.0000 0 1001 14.0000 0 0 0 0 0.4000 0 0.73632 1.00000 1.00000 0 0 0 0 0 0 0 0 0
  Ca1 Ca+2 0.46670 0.00000 0.25000 1.48865 1.00000
  Al1 Al+3 0.24820 0.24820 0.24820 0.70000 1.00000
  Na1 Na+1 0.08470 0.08470 0.08470 1.50000 1.00000
   F1  F-1 0.13870 0.30620 0.12060 1.50000 1.00000
   F2  F-1 0.36400 0.36270 0.18730 1.50000 1.00000
   F3  F-1 0.46140 0.46140 0.46140 1.50000 1.00000
Fluorite
  2  0.054 0.03331 0.000014796 5.46900 5.46900 5.46900 90.0000 90.0000 90.0000 60.0000 0 1001 14.0000 0 0 0 0 0.3800 0 1.00000 1.00000 1.00000 0 0 0 0 0 0 0 0 0
  Ca1 Ca+2 0.00000 0.00000 0.00000 0.57000 1.00000
   F1  F-1 0.25000 0.25000 0.25000 0.81000 1.00000
Weberite
  7  0.790 0.16071 0.000023033 7.07200 10.02000 7.29000 90.0000 90.0000 90.0000 196.6748 0 1001 14.0000 0 0 0 0 0.3419 0 0.90000 1.00000 1.00000 0 0 0 0 0 0 0 0 0
  Na1 Na+1 0.25000 0.25000 0.75000 1.00000 1.00000
  Na2 Na+1 0.00000 0.00000 0.00000 1.00000 1.00000
  Mg1 Mg+2 0.25000 0.25000 0.25000 1.00000 1.00000
  Al1 Al+3 0.00000 0.00000 0.50000 1.00000 1.00000
   F1  F-1 0.00000 0.25000 0.13620 1.00000 1.00000
   F2  F-1 0.00000 0.41440 0.72130 1.00000 1.00000
   F3  F-1 0.18450 0.38740 0.43040 1.00000 1.00000
Neighborite
  4  0.070 0.07098 0.000010222 5.49886 7.69000 5.38700 90.0000 90.0000 90.0000 350.0000 0 1001 14.0000 0 0 0 0 0.0010 0 1.00000 1.00000 1.00000 0 0 0 0 0 0 0 0 0
  Na1 Na+1 0.03975 0.25000 0.48800 1.76232 1.00000
  Mg1 Mg+2 0.00000 0.00000 0.00000 0.77457 1.00000
   F1  F-1 0.45470 0.25000 0.58705 3.75440 1.00000
   F2  F-1 0.29105 0.04897 0.21265 1.37148 1.00000
Elpasolite
  4  0.000 0.06128 0.000000000 8.10957 8.10957 8.10957 90.0000 90.0000 90.0000 60.0000 0 1001 14.0000 0 0 0 0 0.4000 0 1.00000 1.00000 1.00000 0 0 0 0 0 0 0 0 0
    K    K 0.25000 0.25000 0.25000 1.22383 1.00000
   Na   Na 0.50000 0.50000 0.50000 0.84484 1.00000
   Al   Al 0.00000 0.00000 0.00000 0.58428 1.00000
    F    F 0.22250 0.00000 0.00000 1.27910 1.00000
K1.58Al11O17
 11  0.003 0.07957 0.000000025 5.59872 5.59872 33.89000 90.0000 90.0000 120.0000 149.9998 0 1001 14.0000 0 0 0 0 0.0010 0 1.00000 1.00000 1.00000 0 0 0 0 0 0 0 0 0
  Al1   Al 0.16712 -0.16712 0.92980 1.00000 1.00000
  Al2   Al 0.00000 0.00000 0.34988 1.00000 1.00000
  Al3   Al 0.00000 0.00000 0.44935 1.00000 1.00000
  Al4   Al 0.00000 0.00000 0.00000 1.00000 1.00000
   O1    O 0.16419 -0.16419 0.23615 1.00000 1.00000
   O2    O 0.15396 -0.15396 0.03384 1.00000 1.00000
   O3    O 0.00000 0.00000 0.09512 1.00000 1.00000
   O4    O 0.00000 0.00000 0.29520 1.00000 1.00000
   O5    O 0.00000 0.00000 0.50000 1.00000 1.00000
   K1    K 0.00000 0.00000 -0.17086 1.00000 0.31000
   K2    K 0.08717 -0.08717 -0.16784 1.00000 0.16000
Villiaumite
  2  0.000 0.06356 0.000000000 4.64000 4.64000 4.64000 90.0000 90.0000 90.0000 90.0000 0 1001 14.0000 0 0 0 0 0.3800 0 1.00000 1.00000 1.00000 0 0 0 0 0 0 0 0 0
   Na   Na 0.00000 0.00000 0.00000 1.00000 1.00000
    F    F 0.50000 0.50000 0.50000 1.00000 1.00000