SRfactor SZero SDispl STransp + C Wght ESU SF A B C Alpha Beta Gamma NA NB NC P1 P2 P3 U V W Z hh kk ll hk hl kl s1 s2 s3 s4 s5 s6
 5.573 0.02833 0.00000 0
alpha-Al2O3
  2  0.898 0.10616 0.000077858 4.75500 4.75500 13.05000 90.0000 90.0000 120.0000 45.0003 0 1001 14.0000 0 0 0 0 0.3500 0 1.00000 1.00000 1.00000 0 0 0 0 0 0 0 0 0
  Al1 Al+3 0.00000 0.00000 0.35231 0.41294 1.00000
   O1  O-2 0.69360 0.00000 0.25000 0.46190 1.00000
gamma-Al2O3
  4  1.260 0.13399 0.000031429 7.92698 7.92698 7.92698 90.0000 90.0000 90.0000 45.0006 0 1001 14.0000 0 0 0 0 0.3500 0 1.00000 1.00000 1.00000 0 0 0 0 0 0 0 0 0
   O1    O 0.25470 0.25470 0.25470 1.00000 1.00000
  Al1   Al 0.50000 0.50000 0.50000 0.50000 0.58000
  Al2   Al 0.12500 0.12500 0.12500 0.50000 0.84000
  Al3   Al 0.02720 0.02720 0.02720 0.50000 0.17000
Cryolite
  6 85.999 0.36093 0.011800568 5.41066 5.59280 9.46119 90.0000 124.7474 90.0000 181.0535 0 1001 14.0000 0 0 0 0 0.3279 0 1.00318 1.00000 1.00000 0 0 0 0 0 0 0 0 0
  Na1 Na+1 0.50000 0.00000 0.50000 1.75000 1.00000
  Al1 Al+3 0.00000 0.00000 0.00000 0.85000 1.00000
  Na2 Na+1 0.26434 0.44971 0.25153 1.76000 1.00000
   F1  F-1 0.11689 0.04394 0.21876 1.35000 1.00000
   F2  F-1 0.22716 0.73230 0.06198 1.20000 1.00000
   F3  F-1 0.31568 0.17175 0.04406 1.40000 1.00000
Chiolite
  7  0.946 0.20780 0.000026764 7.06000 7.06000 10.40298 90.0000 90.0000 90.0000 80.0654 0 1001 14.0000 0 0 0 0 0.3999 0 0.94237 1.00000 1.00000 0 0 0 0 0 0 0 0 0
  Na1 Na+1 0.00000 0.00000 0.50000 1.55000 1.00000
  Na2 Na+1 0.27700 0.77700 0.25000 1.70000 1.00000
  Al1 Al+3 0.00000 0.00000 0.00000 1.40000 1.00000
  Al2 Al+3 0.00000 0.50000 0.00000 0.88000 1.00000
   F1  F-1 0.00000 0.00000 0.17699 1.70000 1.00000
   F2  F-1 0.06399 0.24500 0.00000 1.70000 1.00000
   F3  F-1 0.18200 0.53200 0.12100 1.50000 1.00000
NaCa(AlF6)
 18  3.677 0.13436 0.000032963 8.74965 5.17890 20.44265 90.0000 91.0187 90.0000 30.0017 0 1001 14.0000 0 0 0 0 0.2671 0 1.00000 1.00000 1.00000 0 0 0 0 0 0 0 0 0
  Na1 Na+1 0.96820 0.24430 0.17963 2.20000 1.00000
  Na2 Na+1 0.97810 0.28340 0.44456 2.20000 1.00000
  Ca1 Ca+2 0.63030 0.24750 0.31347 0.85000 1.00000
  Ca2 Ca+2 0.62570 0.31190 0.56162 0.85000 1.00000
  Al1 Al+3 0.26836 0.24610 0.32890 1.67000 1.00000
  Al2 Al+3 0.24280 0.18030 0.55880 1.67000 1.00000
   F1  F-1 0.62900 0.62610 0.47770 1.46000 1.00000
   F2  F-1 0.58630 0.61370 0.63970 1.46000 1.00000
   F3  F-1 0.73380 0.08270 0.48240 1.46000 1.00000
   F4  F-1 0.38090 0.10030 0.26260 1.46000 1.00000
   F5  F-1 0.16250 -0.02470 0.63280 1.46000 1.00000
   F6  F-1 0.16430 0.43770 0.38140 1.46000 1.00000
   F7  F-1 0.23570 0.46690 0.62290 1.46000 1.00000
   F8  F-1 0.57860 0.59440 0.88210 1.46000 1.00000
   F9  F-1 0.91320 0.64040 0.22600 1.46000 1.00000
  F10  F-1 0.74030 0.02170 0.23070 1.46000 1.00000
  F11  F-1 0.75510 0.03340 0.62590 1.46000 1.00000
  F12  F-1 0.07480 0.27900 0.53980 1.46000 1.00000
Na2Ca3Al2F14
  6  1.299 0.11778 0.000008410 10.24779 10.24779 10.24779 90.0000 90.0000 90.0000 65.0169 0 1001 14.0000 0 0 0 0 0.4000 0 0.72000 1.00000 1.00000 0 0 0 0 0 0 0 0 0
  Ca1 Ca+2 0.46670 0.00000 0.25000 0.70000 1.00000
  Al1 Al+3 0.24820 0.24820 0.24820 1.43195 1.00000
  Na1 Na+1 0.08470 0.08470 0.08470 0.70547 1.00000
   F1  F-1 0.13870 0.30620 0.12060 0.70009 1.00000
   F2  F-1 0.36400 0.36270 0.18730 1.49999 1.00000
   F3  F-1 0.46140 0.46140 0.46140 1.49999 1.00000
Fluorite
  2  4.547 0.03925 0.001208610 5.46588 5.46588 5.46588 90.0000 90.0000 90.0000 205.3070 0 1001 14.0000 0 0 0 0 0.3210 0 1.00000 1.00000 1.00000 0 0 0 0 0 0 0 0 0
  Ca1 Ca+2 0.00000 0.00000 0.00000 0.57000 1.00000
   F1  F-1 0.25000 0.25000 0.25000 0.81000 1.00000
Weberite
  7  0.313 0.15129 0.000008926 7.07200 10.01999 7.29000 90.0000 90.0000 90.0000 150.0207 0 1001 14.0000 0 0 0 0 0.3500 0 0.90000 1.00000 1.00000 0 0 0 0 0 0 0 0 0
  Na1 Na+1 0.25000 0.25000 0.75000 1.00000 1.00000
  Na2 Na+1 0.00000 0.00000 0.00000 1.00000 1.00000
  Mg1 Mg+2 0.25000 0.25000 0.25000 1.00000 1.00000
  Al1 Al+3 0.00000 0.00000 0.50000 1.00000 1.00000
   F1  F-1 0.00000 0.25000 0.13620 1.00000 1.00000
   F2  F-1 0.00000 0.41440 0.72130 1.00000 1.00000
   F3  F-1 0.18450 0.38740 0.43040 1.00000 1.00000
Neighborite
  4  0.545 0.12705 0.000078357 5.50000 7.66500 5.36121 90.0000 90.0000 90.0000 349.9852 0 1001 14.0000 0 0 0 0 0.2999 0 1.00000 1.00000 1.00000 0 0 0 0 0 0 0 0 0
  Na1 Na+1 0.03975 0.25000 0.48800 1.76232 1.00000
  Mg1 Mg+2 0.00000 0.00000 0.00000 0.77457 1.00000
   F1  F-1 0.45470 0.25000 0.58705 3.75440 1.00000
   F2  F-1 0.29105 0.04897 0.21265 1.37148 1.00000
Elpasolite
  4  0.016 0.02748 0.000000413 8.11200 8.11200 8.11200 90.0000 90.0000 90.0000 199.9667 0 1001 14.0000 0 0 0 0 0.1024 0 1.00000 1.00000 1.00000 0 0 0 0 0 0 0 0 0
    K    K 0.25000 0.25000 0.25000 1.22383 1.00000
   Na   Na 0.50000 0.50000 0.50000 0.84484 1.00000
   Al   Al 0.00000 0.00000 0.00000 0.58428 1.00000
    F    F 0.22250 0.00000 0.00000 1.27910 1.00000
K1.58Al11O17
 11  0.501 0.14698 0.000003907 5.59476 5.59476 33.89002 90.0000 90.0000 120.0000 45.0179 0 1001 14.0000 0 0 0 0 0.2832 0 1.00000 1.00000 1.00000 0 0 0 0 0 0 0 0 0
  Al1   Al 0.16712 -0.16712 0.92980 1.00000 1.00000
  Al2   Al 0.00000 0.00000 0.34988 1.00000 1.00000
  Al3   Al 0.00000 0.00000 0.44935 1.00000 1.00000
  Al4   Al 0.00000 0.00000 0.00000 1.00000 1.00000
   O1    O 0.16419 -0.16419 0.23615 1.00000 1.00000
   O2    O 0.15396 -0.15396 0.03384 1.00000 1.00000
   O3    O 0.00000 0.00000 0.09512 1.00000 1.00000
   O4    O 0.00000 0.00000 0.29520 1.00000 1.00000
   O5    O 0.00000 0.00000 0.50000 1.00000 1.00000
   K1    K 0.00000 0.00000 -0.17086 1.00000 0.31000
   K2    K 0.08717 -0.08717 -0.16784 1.00000 0.16000
Villiaumite
  2  0.000 0.06801 0.000000000 4.64000 4.64000 4.64000 90.0000 90.0000 90.0000 90.0002 0 1001 14.0000 0 0 0 0 0.3800 0 1.00000 1.00000 1.00000 0 0 0 0 0 0 0 0 0
   Na   Na 0.00000 0.00000 0.00000 1.00000 1.00000
    F    F 0.50000 0.50000 0.50000 1.00000 1.00000