SRfactor SZero SDispl STransp + C Wght ESU SF A B C Alpha Beta Gamma NA NB NC P1 P2 P3 U V W Z hh kk ll hk hl kl s1 s2 s3 s4 s5 s6
 5.091 0.02015 0.00000 0
alpha-Al2O3
  2  1.773 0.07306 0.000152564 4.76394 4.76394 13.02595 90.0000 90.0000 120.0000 52.2217 0 1001 14.0000 0 0 0 0 0.0666 0 1.00000 1.00000 1.00000 0 0 0 0 0 0 0 0 0
  Al1 Al+3 0.00000 0.00000 0.35231 0.41294 1.00000
   O1  O-2 0.69360 0.00000 0.25000 0.46190 1.00000
gamma-Al2O3
  4  2.297 0.12117 0.000057010 7.92580 7.92580 7.92580 90.0000 90.0000 90.0000 45.0000 0 1001 14.0000 0 0 0 0 0.3500 0 1.00000 1.00000 1.00000 0 0 0 0 0 0 0 0 0
   O1    O 0.25470 0.25470 0.25470 1.00000 1.00000
  Al1   Al 0.50000 0.50000 0.50000 0.50000 0.58000
  Al2   Al 0.12500 0.12500 0.12500 0.50000 0.84000
  Al3   Al 0.02720 0.02720 0.02720 0.50000 0.17000
Cryolite
  6 78.773 0.28999 0.010749846 5.41150 5.59118 9.46188 90.0000 124.7566 90.0000 184.9785 0 1001 14.0000 0 0 0 0 0.3399 0 1.00250 1.00000 1.00000 0 0 0 0 0 0 0 0 0
  Na1 Na+1 0.50000 0.00000 0.50000 1.75000 1.00000
  Al1 Al+3 0.00000 0.00000 0.00000 0.85000 1.00000
  Na2 Na+1 0.26431 0.44965 0.25155 1.76000 1.00000
   F1  F-1 0.11756 0.04358 0.21955 1.35000 1.00000
   F2  F-1 0.22675 0.73373 0.06191 1.20000 1.00000
   F3  F-1 0.31589 0.17151 0.04471 1.40000 1.00000
Chiolite
  7  2.629 0.20499 0.000074152 7.06000 7.06000 10.37684 90.0000 90.0000 90.0000 80.0001 0 1001 14.0000 0 0 0 0 0.4000 0 0.94623 1.00000 1.00000 0 0 0 0 0 0 0 0 0
  Na1 Na+1 0.00000 0.00000 0.50000 1.55000 1.00000
  Na2 Na+1 0.27700 0.77700 0.25000 1.70000 1.00000
  Al1 Al+3 0.00000 0.00000 0.00000 1.40000 1.00000
  Al2 Al+3 0.00000 0.50000 0.00000 0.88000 1.00000
   F1  F-1 0.00000 0.00000 0.17700 1.70000 1.00000
   F2  F-1 0.06400 0.24500 0.00000 1.70000 1.00000
   F3  F-1 0.18200 0.53200 0.12100 1.50000 1.00000
NaCa(AlF6)
 18  7.662 0.10449 0.000068468 8.74201 5.18154 20.40338 90.0000 91.1898 90.0000 71.8497 0 1001 14.0000 0 0 0 0 0.4000 0 1.00000 1.00000 1.00000 0 0 0 0 0 0 0 0 0
  Na1 Na+1 0.96895 0.24430 0.18531 2.20000 1.00000
  Na2 Na+1 0.97810 0.28340 0.44220 2.20000 1.00000
  Ca1 Ca+2 0.63030 0.24750 0.31329 0.85000 1.00000
  Ca2 Ca+2 0.62570 0.31190 0.56275 0.85000 1.00000
  Al1 Al+3 0.26880 0.24610 0.32890 1.67000 1.00000
  Al2 Al+3 0.24280 0.18031 0.56537 1.67000 1.00000
   F1  F-1 0.62900 0.62610 0.47770 1.46000 1.00000
   F2  F-1 0.58630 0.61370 0.63970 1.46000 1.00000
   F3  F-1 0.73380 0.08270 0.48240 1.46000 1.00000
   F4  F-1 0.38090 0.10030 0.26260 1.46000 1.00000
   F5  F-1 0.16250 -0.02470 0.63280 1.46000 1.00000
   F6  F-1 0.16430 0.43770 0.38140 1.46000 1.00000
   F7  F-1 0.23570 0.46690 0.62290 1.46000 1.00000
   F8  F-1 0.57860 0.59440 0.88210 1.46000 1.00000
   F9  F-1 0.91320 0.64040 0.22600 1.46000 1.00000
  F10  F-1 0.74030 0.02170 0.23070 1.46000 1.00000
  F11  F-1 0.75510 0.03340 0.62590 1.46000 1.00000
  F12  F-1 0.07480 0.27900 0.53980 1.46000 1.00000
Na2Ca3Al2F14
  6  3.256 0.10656 0.000020961 10.24858 10.24858 10.24858 90.0000 90.0000 90.0000 83.5783 0 1001 14.0000 0 0 0 0 0.4000 0 0.78936 1.00000 1.00000 0 0 0 0 0 0 0 0 0
  Ca1 Ca+2 0.46670 0.00000 0.25000 0.70000 1.00000
  Al1 Al+3 0.24820 0.24820 0.24820 1.49995 1.00000
  Na1 Na+1 0.08470 0.08470 0.08470 1.49998 1.00000
   F1  F-1 0.13870 0.30620 0.12060 1.49999 1.00000
   F2  F-1 0.36400 0.36270 0.18730 1.49999 1.00000
   F3  F-1 0.46140 0.46140 0.46140 1.49999 1.00000
Fluorite
  2  2.438 0.02824 0.000644211 5.46630 5.46630 5.46630 90.0000 90.0000 90.0000 177.4193 0 1001 14.0000 0 0 0 0 0.3227 0 1.00000 1.00000 1.00000 0 0 0 0 0 0 0 0 0
  Ca1 Ca+2 0.00000 0.00000 0.00000 0.57000 1.00000
   F1  F-1 0.25000 0.25000 0.25000 0.81000 1.00000
Weberite
  7  0.718 0.14685 0.000020331 7.07200 10.01725 7.29000 90.0000 90.0000 90.0000 150.0000 0 1001 14.0000 0 0 0 0 0.3500 0 0.90000 1.00000 1.00000 0 0 0 0 0 0 0 0 0
  Na1 Na+1 0.25000 0.25000 0.75000 1.00000 1.00000
  Na2 Na+1 0.00000 0.00000 0.00000 1.00000 1.00000
  Mg1 Mg+2 0.25000 0.25000 0.25000 1.00000 1.00000
  Al1 Al+3 0.00000 0.00000 0.50000 1.00000 1.00000
   F1  F-1 0.00000 0.25000 0.13620 1.00000 1.00000
   F2  F-1 0.00000 0.41440 0.72130 1.00000 1.00000
   F3  F-1 0.18450 0.38740 0.43040 1.00000 1.00000
Neighborite
  4  0.245 0.10440 0.000035048 5.48800 7.66500 5.36000 90.0000 90.0000 90.0000 349.9999 0 1001 14.0000 0 0 0 0 0.3000 0 1.00000 1.00000 1.00000 0 0 0 0 0 0 0 0 0
  Na1 Na+1 0.03975 0.25000 0.48800 1.76232 1.00000
  Mg1 Mg+2 0.00000 0.00000 0.00000 0.77457 1.00000
   F1  F-1 0.45470 0.25000 0.58705 3.75440 1.00000
   F2  F-1 0.29105 0.04897 0.21265 1.37148 1.00000
Elpasolite
  4  0.210 0.05069 0.000005492 8.10326 8.10326 8.10326 90.0000 90.0000 90.0000 60.0000 0 1001 14.0000 0 0 0 0 0.3096 0 1.00000 1.00000 1.00000 0 0 0 0 0 0 0 0 0
    K    K 0.25000 0.25000 0.25000 1.22383 1.00000
   Na   Na 0.50000 0.50000 0.50000 0.84484 1.00000
   Al   Al 0.00000 0.00000 0.00000 0.58428 1.00000
    F    F 0.22250 0.00000 0.00000 1.27910 1.00000
K1.58Al11O17
 11  0.000 0.06815 0.000000000 5.58500 5.58500 33.93755 90.0000 90.0000 120.0000 149.9999 0 1001 14.0000 0 0 0 0 0.0017 0 1.00000 1.00000 1.00000 0 0 0 0 0 0 0 0 0
  Al1   Al 0.16712 -0.16712 0.92980 1.00000 1.00000
  Al2   Al 0.00000 0.00000 0.34988 1.00000 1.00000
  Al3   Al 0.00000 0.00000 0.44935 1.00000 1.00000
  Al4   Al 0.00000 0.00000 0.00000 1.00000 1.00000
   O1    O 0.16419 -0.16419 0.23615 1.00000 1.00000
   O2    O 0.15396 -0.15396 0.03384 1.00000 1.00000
   O3    O 0.00000 0.00000 0.09512 1.00000 1.00000
   O4    O 0.00000 0.00000 0.29520 1.00000 1.00000
   O5    O 0.00000 0.00000 0.50000 1.00000 1.00000
   K1    K 0.00000 0.00000 -0.17086 1.00000 0.31000
   K2    K 0.08717 -0.08717 -0.16784 1.00000 0.16000
Villiaumite
  2  0.000 0.05972 0.000000000 4.63300 4.63300 4.63300 90.0000 90.0000 90.0000 90.0000 0 1001 14.0000 0 0 0 0 0.3800 0 1.00000 1.00000 1.00000 0 0 0 0 0 0 0 0 0
   Na   Na 0.00000 0.00000 0.00000 1.00000 1.00000
    F    F 0.50000 0.50000 0.50000 1.00000 1.00000