SRfactor SZero SDispl STransp + C Wght ESU SF A B C Alpha Beta Gamma NA NB NC P1 P2 P3 U V W Z hh kk ll hk hl kl s1 s2 s3 s4 s5 s6
 5.530 0.02329 0.00000 0
alpha-Al2O3
  2  0.833 0.09852 0.000071099 4.76332 4.76332 13.04351 90.0000 90.0000 120.0000 45.0002 0 1001 14.0000 0 0 0 0 0.3500 0 1.00000 1.00000 1.00000 0 0 0 0 0 0 0 0 0
  Al1 Al+3 0.00000 0.00000 0.35231 0.41294 1.00000
   O1  O-2 0.69360 0.00000 0.25000 0.46190 1.00000
gamma-Al2O3
  4  1.828 0.12163 0.000044971 7.93145 7.93145 7.93145 90.0000 90.0000 90.0000 45.0003 0 1001 14.0000 0 0 0 0 0.3500 0 1.00000 1.00000 1.00000 0 0 0 0 0 0 0 0 0
   O1    O 0.25470 0.25470 0.25470 1.00000 1.00000
  Al1   Al 0.50000 0.50000 0.50000 0.50000 0.58000
  Al2   Al 0.12500 0.12500 0.12500 0.50000 0.84000
  Al3   Al 0.02720 0.02720 0.02720 0.50000 0.17000
Cryolite
  6 85.138 0.32542 0.011532062 5.41184 5.59295 9.46284 90.0000 124.7483 90.0000 182.9645 0 1001 14.0000 0 0 0 0 0.3523 0 1.00882 1.00000 1.00000 0 0 0 0 0 0 0 0 0
  Na1 Na+1 0.50000 0.00000 0.50000 1.75000 1.00000
  Al1 Al+3 0.00000 0.00000 0.00000 0.85000 1.00000
  Na2 Na+1 0.26380 0.44964 0.25097 1.76000 1.00000
   F1  F-1 0.11647 0.04300 0.21821 1.35000 1.00000
   F2  F-1 0.22840 0.73265 0.06219 1.20000 1.00000
   F3  F-1 0.31666 0.17177 0.04439 1.40000 1.00000
Chiolite
  7  0.905 0.20817 0.000025340 7.06000 7.06000 10.38400 90.0000 90.0000 90.0000 80.0080 0 1001 14.0000 0 0 0 0 0.4000 0 0.93000 1.00000 1.00000 0 0 0 0 0 0 0 0 0
  Na1 Na+1 0.00000 0.00000 0.50000 1.55000 1.00000
  Na2 Na+1 0.27700 0.77700 0.25000 1.70000 1.00000
  Al1 Al+3 0.00000 0.00000 0.00000 1.40000 1.00000
  Al2 Al+3 0.00000 0.50000 0.00000 0.88000 1.00000
   F1  F-1 0.00000 0.00000 0.17700 1.70000 1.00000
   F2  F-1 0.06400 0.24500 0.00000 1.70000 1.00000
   F3  F-1 0.18200 0.53200 0.12100 1.50000 1.00000
NaCa(AlF6)
 18  6.110 0.11001 0.000054195 8.74115 5.18621 20.39834 90.0000 91.1506 90.0000 67.5539 0 1001 14.0000 0 0 0 0 0.4000 0 1.00000 1.00000 1.00000 0 0 0 0 0 0 0 0 0
  Na1 Na+1 0.96940 0.24430 0.18360 2.20000 1.00000
  Na2 Na+1 0.97810 0.28340 0.44430 2.20000 1.00000
  Ca1 Ca+2 0.63030 0.24750 0.31470 0.85000 1.00000
  Ca2 Ca+2 0.62570 0.31190 0.56333 0.85000 1.00000
  Al1 Al+3 0.26007 0.24610 0.32890 1.67000 1.00000
  Al2 Al+3 0.24280 0.18030 0.56062 1.67000 1.00000
   F1  F-1 0.62900 0.62610 0.47770 1.46000 1.00000
   F2  F-1 0.58630 0.61370 0.63970 1.46000 1.00000
   F3  F-1 0.73380 0.08270 0.48240 1.46000 1.00000
   F4  F-1 0.38090 0.10030 0.26260 1.46000 1.00000
   F5  F-1 0.16250 -0.02470 0.63280 1.46000 1.00000
   F6  F-1 0.16430 0.43770 0.38140 1.46000 1.00000
   F7  F-1 0.23570 0.46690 0.62290 1.46000 1.00000
   F8  F-1 0.57860 0.59440 0.88210 1.46000 1.00000
   F9  F-1 0.91320 0.64040 0.22600 1.46000 1.00000
  F10  F-1 0.74030 0.02170 0.23070 1.46000 1.00000
  F11  F-1 0.75510 0.03340 0.62590 1.46000 1.00000
  F12  F-1 0.07480 0.27900 0.53980 1.46000 1.00000
Na2Ca3Al2F14
  6  1.208 0.11480 0.000007731 10.24568 10.24568 10.24568 90.0000 90.0000 90.0000 65.0085 0 1001 14.0000 0 0 0 0 0.4000 0 0.72000 1.00000 1.00000 0 0 0 0 0 0 0 0 0
  Ca1 Ca+2 0.46670 0.00000 0.25000 0.70018 1.00000
  Al1 Al+3 0.24820 0.24820 0.24820 0.70007 1.00000
  Na1 Na+1 0.08470 0.08470 0.08470 1.49999 1.00000
   F1  F-1 0.13870 0.30620 0.12060 0.70039 1.00000
   F2  F-1 0.36400 0.36270 0.18730 1.49999 1.00000
   F3  F-1 0.46140 0.46140 0.46140 1.49999 1.00000
Fluorite
  2  3.540 0.03447 0.000928934 5.46628 5.46628 5.46628 90.0000 90.0000 90.0000 225.3053 0 1001 14.0000 0 0 0 0 0.3466 0 1.00000 1.00000 1.00000 0 0 0 0 0 0 0 0 0
  Ca1 Ca+2 0.00000 0.00000 0.00000 0.57000 1.00000
   F1  F-1 0.25000 0.25000 0.25000 0.81000 1.00000
Weberite
  7  0.290 0.15160 0.000008169 7.07200 10.01095 7.29000 90.0000 90.0000 90.0000 150.0103 0 1001 14.0000 0 0 0 0 0.3500 0 0.90000 1.00000 1.00000 0 0 0 0 0 0 0 0 0
  Na1 Na+1 0.25000 0.25000 0.75000 1.00000 1.00000
  Na2 Na+1 0.00000 0.00000 0.00000 1.00000 1.00000
  Mg1 Mg+2 0.25000 0.25000 0.25000 1.00000 1.00000
  Al1 Al+3 0.00000 0.00000 0.50000 1.00000 1.00000
   F1  F-1 0.00000 0.25000 0.13620 1.00000 1.00000
   F2  F-1 0.00000 0.41440 0.72130 1.00000 1.00000
   F3  F-1 0.18450 0.38740 0.43040 1.00000 1.00000
Neighborite
  4  0.114 0.12295 0.000016222 5.50000 7.66500 5.36000 90.0000 90.0000 90.0000 349.9888 0 1001 14.0000 0 0 0 0 0.2959 0 1.00000 1.00000 1.00000 0 0 0 0 0 0 0 0 0
  Na1 Na+1 0.03975 0.25000 0.48800 1.76232 1.00000
  Mg1 Mg+2 0.00000 0.00000 0.00000 0.77457 1.00000
   F1  F-1 0.45470 0.25000 0.58705 3.75440 1.00000
   F2  F-1 0.29105 0.04897 0.21265 1.37148 1.00000
Elpasolite
  4  0.010 0.02082 0.000000253 8.09669 8.09669 8.09669 90.0000 90.0000 90.0000 199.9833 0 1001 14.0000 0 0 0 0 0.0041 0 1.00000 1.00000 1.00000 0 0 0 0 0 0 0 0 0
    K    K 0.25000 0.25000 0.25000 1.22383 1.00000
   Na   Na 0.50000 0.50000 0.50000 0.84484 1.00000
   Al   Al 0.00000 0.00000 0.00000 0.58428 1.00000
    F    F 0.22250 0.00000 0.00000 1.27910 1.00000
K1.58Al11O17
 11  0.023 0.07048 0.000000179 5.58500 5.58500 33.89000 90.0000 90.0000 120.0000 149.9953 0 1001 14.0000 0 0 0 0 0.0010 0 1.00000 1.00000 1.00000 0 0 0 0 0 0 0 0 0
  Al1   Al 0.16712 -0.16712 0.92980 1.00000 1.00000
  Al2   Al 0.00000 0.00000 0.34988 1.00000 1.00000
  Al3   Al 0.00000 0.00000 0.44935 1.00000 1.00000
  Al4   Al 0.00000 0.00000 0.00000 1.00000 1.00000
   O1    O 0.16419 -0.16419 0.23615 1.00000 1.00000
   O2    O 0.15396 -0.15396 0.03384 1.00000 1.00000
   O3    O 0.00000 0.00000 0.09512 1.00000 1.00000
   O4    O 0.00000 0.00000 0.29520 1.00000 1.00000
   O5    O 0.00000 0.00000 0.50000 1.00000 1.00000
   K1    K 0.00000 0.00000 -0.17086 1.00000 0.31000
   K2    K 0.08717 -0.08717 -0.16784 1.00000 0.16000
Villiaumite
  2  0.000 0.06583 0.000000000 4.64000 4.64000 4.64000 90.0000 90.0000 90.0000 90.0001 0 1001 14.0000 0 0 0 0 0.3800 0 1.00000 1.00000 1.00000 0 0 0 0 0 0 0 0 0
   Na   Na 0.00000 0.00000 0.00000 1.00000 1.00000
    F    F 0.50000 0.50000 0.50000 1.00000 1.00000