SRfactor SZero SDispl STransp + C Wght ESU SF A B C Alpha Beta Gamma NA NB NC P1 P2 P3 U V W Z hh kk ll hk hl kl s1 s2 s3 s4 s5 s6
 6.000 0.02637 0.00000 0
alpha-Al2O3
  2  0.710 0.11207 0.000059253 4.77000 4.77000 13.00704 90.0000 90.0000 120.0000 45.0000 0 1001 14.0000 0 0 0 0 0.3500 0 1.00000 1.00000 1.00000 0 0 0 0 0 0 0 0 0
  Al1 Al+3 0.00000 0.00000 0.35231 0.41294 1.00000
   O1  O-2 0.69360 0.00000 0.25000 0.46190 1.00000
gamma-Al2O3
  4  3.911 0.15245 0.000094479 7.91971 7.91971 7.91971 90.0000 90.0000 90.0000 47.8196 0 1001 14.0000 0 0 0 0 0.2749 0 1.00000 1.00000 1.00000 0 0 0 0 0 0 0 0 0
   O1    O 0.25470 0.25470 0.25470 1.00000 1.00000
  Al1   Al 0.50000 0.50000 0.50000 0.50000 0.58000
  Al2   Al 0.12500 0.12500 0.12500 0.50000 0.84000
  Al3   Al 0.02720 0.02720 0.02720 0.50000 0.17000
Cryolite
  6 71.016 0.35289 0.009406474 5.41175 5.59221 9.46171 90.0000 124.7456 90.0000 179.3896 0 1001 14.0000 0 0 0 0 0.3468 0 1.00379 1.00000 1.00000 0 0 0 0 0 0 0 0 0
  Na1 Na+1 0.50000 0.00000 0.50000 1.75000 1.00000
  Al1 Al+3 0.00000 0.00000 0.00000 0.85000 1.00000
  Na2 Na+1 0.26724 0.44966 0.25421 1.76000 1.00000
   F1  F-1 0.11635 0.04432 0.21843 1.35000 1.00000
   F2  F-1 0.22506 0.73260 0.06149 1.20000 1.00000
   F3  F-1 0.31588 0.17316 0.04578 1.40000 1.00000
Chiolite
  7  5.873 0.25953 0.000161027 7.06000 7.06000 10.36606 90.0000 90.0000 90.0000 80.0000 0 1001 14.0000 0 0 0 0 0.4000 0 0.93964 1.00000 1.00000 0 0 0 0 0 0 0 0 0
  Na1 Na+1 0.00000 0.00000 0.50000 1.55000 1.00000
  Na2 Na+1 0.27700 0.77700 0.25000 1.70000 1.00000
  Al1 Al+3 0.00000 0.00000 0.00000 1.40000 1.00000
  Al2 Al+3 0.00000 0.50000 0.00000 0.88000 1.00000
   F1  F-1 0.00000 0.00000 0.17637 1.70000 1.00000
   F2  F-1 0.05951 0.24500 0.00000 1.70000 1.00000
   F3  F-1 0.17810 0.53200 0.12100 1.50000 1.00000
NaCa(AlF6)
 18  6.690 0.13303 0.000058068 8.75981 5.17662 20.37249 90.0000 91.2802 90.0000 77.9332 0 1001 14.0000 0 0 0 0 0.3684 0 1.00000 1.00000 1.00000 0 0 0 0 0 0 0 0 0
  Na1 Na+1 0.97163 0.24430 0.18810 2.20000 1.00000
  Na2 Na+1 0.97810 0.26915 0.43575 2.20000 1.00000
  Ca1 Ca+2 0.63030 0.24750 0.31297 0.85000 1.00000
  Ca2 Ca+2 0.62570 0.31965 0.56716 0.85000 1.00000
  Al1 Al+3 0.26880 0.24610 0.32153 1.67000 1.00000
  Al2 Al+3 0.24280 0.20030 0.57777 1.67000 1.00000
   F1  F-1 0.62900 0.62610 0.47770 1.46000 1.00000
   F2  F-1 0.58630 0.61370 0.63970 1.46000 1.00000
   F3  F-1 0.73380 0.08270 0.48240 1.46000 1.00000
   F4  F-1 0.38090 0.10030 0.26260 1.46000 1.00000
   F5  F-1 0.16250 -0.02470 0.63280 1.46000 1.00000
   F6  F-1 0.16430 0.43770 0.38140 1.46000 1.00000
   F7  F-1 0.23570 0.46690 0.62290 1.46000 1.00000
   F8  F-1 0.57860 0.59440 0.88210 1.46000 1.00000
   F9  F-1 0.91320 0.64040 0.22600 1.46000 1.00000
  F10  F-1 0.74030 0.02170 0.23070 1.46000 1.00000
  F11  F-1 0.75510 0.03340 0.62590 1.46000 1.00000
  F12  F-1 0.07480 0.27900 0.53980 1.46000 1.00000
Na2Ca3Al2F14
  6 10.149 0.15812 0.000063472 10.24711 10.24711 10.24711 90.0000 90.0000 90.0000 68.2386 0 1001 14.0000 0 0 0 0 0.4000 0 0.83482 1.00000 1.00000 0 0 0 0 0 0 0 0 0
  Ca1 Ca+2 0.46670 0.00000 0.25000 1.50000 1.00000
  Al1 Al+3 0.24820 0.24820 0.24820 0.83707 1.00000
  Na1 Na+1 0.08470 0.08470 0.08470 1.50000 1.00000
   F1  F-1 0.13870 0.30620 0.12060 1.50000 1.00000
   F2  F-1 0.36400 0.36270 0.18730 1.50000 1.00000
   F3  F-1 0.46140 0.46140 0.46140 1.50000 1.00000
Fluorite
  2  0.154 0.03152 0.000039357 5.46900 5.46900 5.46900 90.0000 90.0000 90.0000 60.0000 0 1001 14.0000 0 0 0 0 0.3800 0 1.00000 1.00000 1.00000 0 0 0 0 0 0 0 0 0
  Ca1 Ca+2 0.00000 0.00000 0.00000 0.57000 1.00000
   F1  F-1 0.25000 0.25000 0.25000 0.81000 1.00000
Weberite
  7  1.492 0.18343 0.000041049 7.07200 10.01985 7.29000 90.0000 90.0000 90.0000 150.0000 0 1001 14.0000 0 0 0 0 0.3500 0 0.90000 1.00000 1.00000 0 0 0 0 0 0 0 0 0
  Na1 Na+1 0.25000 0.25000 0.75000 1.00000 1.00000
  Na2 Na+1 0.00000 0.00000 0.00000 1.00000 1.00000
  Mg1 Mg+2 0.25000 0.25000 0.25000 1.00000 1.00000
  Al1 Al+3 0.00000 0.00000 0.50000 1.00000 1.00000
   F1  F-1 0.00000 0.25000 0.13620 1.00000 1.00000
   F2  F-1 0.00000 0.41440 0.72130 1.00000 1.00000
   F3  F-1 0.18450 0.38740 0.43040 1.00000 1.00000
Neighborite
  4  0.000 0.14184 0.000000000 5.48800 7.66500 5.36000 90.0000 90.0000 90.0000 100.0000 0 1001 14.0000 0 0 0 0 0.3000 0 1.00000 1.00000 1.00000 0 0 0 0 0 0 0 0 0
  Na1 Na+1 0.03975 0.25000 0.48800 1.76232 1.00000
  Mg1 Mg+2 0.00000 0.00000 0.00000 0.77457 1.00000
   F1  F-1 0.45470 0.25000 0.58705 3.75440 1.00000
   F2  F-1 0.29105 0.04897 0.21265 1.37148 1.00000
Elpasolite
  4  0.000 0.02397 0.000000000 8.09500 8.09500 8.09500 90.0000 90.0000 90.0000 200.0000 0 1001 14.0000 0 0 0 0 0.0010 0 1.00000 1.00000 1.00000 0 0 0 0 0 0 0 0 0
    K    K 0.25000 0.25000 0.25000 1.22383 1.00000
   Na   Na 0.50000 0.50000 0.50000 0.84484 1.00000
   Al   Al 0.00000 0.00000 0.00000 0.58428 1.00000
    F    F 0.22250 0.00000 0.00000 1.27910 1.00000
K1.58Al11O17
 11  0.000 0.14787 0.000000000 5.58500 5.58500 33.89000 90.0000 90.0000 120.0000 45.0000 0 1001 14.0000 0 0 0 0 0.1591 0 1.00000 1.00000 1.00000 0 0 0 0 0 0 0 0 0
  Al1   Al 0.16712 -0.16712 0.92980 1.00000 1.00000
  Al2   Al 0.00000 0.00000 0.34988 1.00000 1.00000
  Al3   Al 0.00000 0.00000 0.44935 1.00000 1.00000
  Al4   Al 0.00000 0.00000 0.00000 1.00000 1.00000
   O1    O 0.16419 -0.16419 0.23615 1.00000 1.00000
   O2    O 0.15396 -0.15396 0.03384 1.00000 1.00000
   O3    O 0.00000 0.00000 0.09512 1.00000 1.00000
   O4    O 0.00000 0.00000 0.29520 1.00000 1.00000
   O5    O 0.00000 0.00000 0.50000 1.00000 1.00000
   K1    K 0.00000 0.00000 -0.17086 1.00000 0.31000
   K2    K 0.08717 -0.08717 -0.16784 1.00000 0.16000
Villiaumite
  2  0.006 0.03392 0.000004451 4.63427 4.63427 4.63427 90.0000 90.0000 90.0000 170.0000 0 1001 14.0000 0 0 0 0 0.0010 0 1.00000 1.00000 1.00000 0 0 0 0 0 0 0 0 0
   Na   Na 0.00000 0.00000 0.00000 1.00000 1.00000
    F    F 0.50000 0.50000 0.50000 1.00000 1.00000