SRfactor SZero SDispl STransp + C Wght ESU SF A B C Alpha Beta Gamma NA NB NC P1 P2 P3 U V W Z hh kk ll hk hl kl s1 s2 s3 s4 s5 s6
 6.167 0.01922 0.00000 0
alpha-Al2O3
  2  2.161 0.11382 0.000176342 4.76480 4.76480 13.02671 90.0000 90.0000 120.0000 45.0007 0 1001 14.0000 0 0 0 0 0.3500 0 1.00000 1.00000 1.00000 0 0 0 0 0 0 0 0 0
  Al1 Al+3 0.00000 0.00000 0.35231 0.41294 1.00000
   O1  O-2 0.69360 0.00000 0.25000 0.46190 1.00000
gamma-Al2O3
  4  2.541 0.13830 0.000060234 7.90842 7.90842 7.90842 90.0000 90.0000 90.0000 45.0590 0 1001 14.0000 0 0 0 0 0.0509 0 1.00000 1.00000 1.00000 0 0 0 0 0 0 0 0 0
   O1    O 0.25470 0.25470 0.25470 1.00000 1.00000
  Al1   Al 0.50000 0.50000 0.50000 0.50000 0.58000
  Al2   Al 0.12500 0.12500 0.12500 0.50000 0.84000
  Al3   Al 0.02720 0.02720 0.02720 0.50000 0.17000
Cryolite
  6 54.168 0.27155 0.007013069 5.41089 5.59190 9.46168 90.0000 124.7470 90.0000 166.0505 0 1001 14.0000 0 0 0 0 0.2884 0 1.00255 1.00000 1.00000 0 0 0 0 0 0 0 0 0
  Na1 Na+1 0.50000 0.00000 0.50000 1.75000 1.00000
  Al1 Al+3 0.00000 0.00000 0.00000 0.85000 1.00000
  Na2 Na+1 0.26830 0.44890 0.25467 1.76000 1.00000
   F1  F-1 0.11658 0.04674 0.21827 1.35000 1.00000
   F2  F-1 0.22349 0.73275 0.06074 1.20000 1.00000
   F3  F-1 0.31594 0.17527 0.04641 1.40000 1.00000
Chiolite
  7 21.932 0.21991 0.000591074 7.03161 7.03161 10.38890 90.0000 90.0000 90.0000 143.0924 0 1001 14.0000 0 0 0 0 0.4000 0 0.96049 1.00000 1.00000 0 0 0 0 0 0 0 0 0
  Na1 Na+1 0.00000 0.00000 0.50000 1.55000 1.00000
  Na2 Na+1 0.27700 0.77700 0.25000 1.70000 1.00000
  Al1 Al+3 0.00000 0.00000 0.00000 1.40000 1.00000
  Al2 Al+3 0.00000 0.50000 0.00000 0.88000 1.00000
   F1  F-1 0.00000 0.00000 0.17327 1.70000 1.00000
   F2  F-1 0.06132 0.24633 0.00000 1.70000 1.00000
   F3  F-1 0.17728 0.53776 0.11999 1.50000 1.00000
NaCa(AlF6)
 18  2.445 0.18815 0.000020764 8.79500 5.15527 20.35040 90.0000 91.4728 90.0000 30.0005 0 1001 14.0000 0 0 0 0 0.4000 0 1.00000 1.00000 1.00000 0 0 0 0 0 0 0 0 0
  Na1 Na+1 0.98680 0.24430 0.16875 2.20000 1.00000
  Na2 Na+1 0.97810 0.28340 0.43390 2.20000 1.00000
  Ca1 Ca+2 0.63030 0.24750 0.31905 0.85000 1.00000
  Ca2 Ca+2 0.62570 0.31190 0.57230 0.85000 1.00000
  Al1 Al+3 0.26880 0.24610 0.30890 1.67000 1.00000
  Al2 Al+3 0.26280 0.18030 0.55880 1.67000 1.00000
   F1  F-1 0.62900 0.62610 0.47770 1.46000 1.00000
   F2  F-1 0.58630 0.61370 0.63970 1.46000 1.00000
   F3  F-1 0.73380 0.08270 0.48240 1.46000 1.00000
   F4  F-1 0.38090 0.10030 0.26260 1.46000 1.00000
   F5  F-1 0.16250 -0.02470 0.63280 1.46000 1.00000
   F6  F-1 0.16430 0.43770 0.38140 1.46000 1.00000
   F7  F-1 0.23570 0.46690 0.62290 1.46000 1.00000
   F8  F-1 0.57860 0.59440 0.88210 1.46000 1.00000
   F9  F-1 0.91320 0.64040 0.22600 1.46000 1.00000
  F10  F-1 0.74030 0.02170 0.23070 1.46000 1.00000
  F11  F-1 0.75510 0.03340 0.62590 1.46000 1.00000
  F12  F-1 0.07480 0.27900 0.53980 1.46000 1.00000
Na2Ca3Al2F14
  6 15.707 0.16164 0.000095910 10.25010 10.25010 10.25010 90.0000 90.0000 90.0000 98.7144 0 1001 14.0000 0 0 0 0 0.4000 0 0.81709 1.00000 1.00000 0 0 0 0 0 0 0 0 0
  Ca1 Ca+2 0.46670 0.00000 0.25000 1.07631 1.00000
  Al1 Al+3 0.24820 0.24820 0.24820 0.70017 1.00000
  Na1 Na+1 0.08470 0.08470 0.08470 1.49990 1.00000
   F1  F-1 0.13870 0.30620 0.12060 1.47857 1.00000
   F2  F-1 0.36400 0.36270 0.18730 1.45941 1.00000
   F3  F-1 0.46140 0.46140 0.46140 1.49995 1.00000
Fluorite
  2  0.083 0.03763 0.000020796 5.46900 5.46900 5.46900 90.0000 90.0000 90.0000 60.0002 0 1001 14.0000 0 0 0 0 0.3799 0 1.00000 1.00000 1.00000 0 0 0 0 0 0 0 0 0
  Ca1 Ca+2 0.00000 0.00000 0.00000 0.57000 1.00000
   F1  F-1 0.25000 0.25000 0.25000 0.81000 1.00000
Weberite
  7  0.907 0.18168 0.000024423 7.07200 10.00578 7.29000 90.0000 90.0000 90.0000 150.0002 0 1001 14.0000 0 0 0 0 0.3500 0 0.90000 1.00000 1.00000 0 0 0 0 0 0 0 0 0
  Na1 Na+1 0.25000 0.25000 0.75000 1.00000 1.00000
  Na2 Na+1 0.00000 0.00000 0.00000 1.00000 1.00000
  Mg1 Mg+2 0.25000 0.25000 0.25000 1.00000 1.00000
  Al1 Al+3 0.00000 0.00000 0.50000 1.00000 1.00000
   F1  F-1 0.00000 0.25000 0.13620 1.00000 1.00000
   F2  F-1 0.00000 0.41440 0.72130 1.00000 1.00000
   F3  F-1 0.18450 0.38740 0.43040 1.00000 1.00000
Neighborite
  4  0.037 0.06453 0.000005063 5.48800 7.66500 5.36000 90.0000 90.0000 90.0000 349.9923 0 1001 14.0000 0 0 0 0 0.0011 0 1.00000 1.00000 1.00000 0 0 0 0 0 0 0 0 0
  Na1 Na+1 0.03975 0.25000 0.48800 1.76232 1.00000
  Mg1 Mg+2 0.00000 0.00000 0.00000 0.77457 1.00000
   F1  F-1 0.45470 0.25000 0.58705 3.75440 1.00000
   F2  F-1 0.29105 0.04897 0.21265 1.37148 1.00000
Elpasolite
  4  0.000 0.06463 0.000000000 8.09500 8.09500 8.09500 90.0000 90.0000 90.0000 60.0021 0 1001 14.0000 0 0 0 0 0.4000 0 1.00000 1.00000 1.00000 0 0 0 0 0 0 0 0 0
    K    K 0.25000 0.25000 0.25000 1.22383 1.00000
   Na   Na 0.50000 0.50000 0.50000 0.84484 1.00000
   Al   Al 0.00000 0.00000 0.00000 0.58428 1.00000
    F    F 0.22250 0.00000 0.00000 1.27910 1.00000
K1.58Al11O17
 11  0.018 0.09052 0.000000136 5.58500 5.58500 34.01452 90.0000 90.0000 120.0000 149.9999 0 1001 14.0000 0 0 0 0 0.0010 0 1.00000 1.00000 1.00000 0 0 0 0 0 0 0 0 0
  Al1   Al 0.16712 -0.16712 0.92980 1.00000 1.00000
  Al2   Al 0.00000 0.00000 0.34988 1.00000 1.00000
  Al3   Al 0.00000 0.00000 0.44935 1.00000 1.00000
  Al4   Al 0.00000 0.00000 0.00000 1.00000 1.00000
   O1    O 0.16419 -0.16419 0.23615 1.00000 1.00000
   O2    O 0.15396 -0.15396 0.03384 1.00000 1.00000
   O3    O 0.00000 0.00000 0.09512 1.00000 1.00000
   O4    O 0.00000 0.00000 0.29520 1.00000 1.00000
   O5    O 0.00000 0.00000 0.50000 1.00000 1.00000
   K1    K 0.00000 0.00000 -0.17086 1.00000 0.31000
   K2    K 0.08717 -0.08717 -0.16784 1.00000 0.16000
Villiaumite
  2  0.000 0.07631 0.000000000 4.64000 4.64000 4.64000 90.0000 90.0000 90.0000 90.0000 0 1001 14.0000 0 0 0 0 0.3800 0 1.00000 1.00000 1.00000 0 0 0 0 0 0 0 0 0
   Na   Na 0.00000 0.00000 0.00000 1.00000 1.00000
    F    F 0.50000 0.50000 0.50000 1.00000 1.00000