SRfactor SZero SDispl STransp + C Wght ESU SF A B C Alpha Beta Gamma NA NB NC P1 P2 P3 U V W Z hh kk ll hk hl kl s1 s2 s3 s4 s5 s6
 6.070 0.03081 0.00000 0
alpha-Al2O3
  2  0.585 0.11309 0.000047709 4.75952 4.75952 13.05000 90.0000 90.0000 120.0000 45.0190 0 1001 14.0000 0 0 0 0 0.3499 0 1.00000 1.00000 1.00000 0 0 0 0 0 0 0 0 0
  Al1 Al+3 0.00000 0.00000 0.35231 0.41294 1.00000
   O1  O-2 0.69360 0.00000 0.25000 0.46190 1.00000
gamma-Al2O3
  4  1.182 0.13632 0.000028093 7.90000 7.90000 7.90000 90.0000 90.0000 90.0000 45.0028 0 1001 14.0000 0 0 0 0 0.1705 0 1.00000 1.00000 1.00000 0 0 0 0 0 0 0 0 0
   O1    O 0.25470 0.25470 0.25470 1.00000 1.00000
  Al1   Al 0.50000 0.50000 0.50000 0.50000 0.58000
  Al2   Al 0.12500 0.12500 0.12500 0.50000 0.84000
  Al3   Al 0.02720 0.02720 0.02720 0.50000 0.17000
Cryolite
  6 51.805 0.25453 0.006703451 5.41122 5.59182 9.46150 90.0000 124.7408 90.0000 236.1598 0 1001 14.0000 0 0 0 0 0.2985 0 0.97886 1.00000 1.00000 0 0 0 0 0 0 0 0 0
  Na1 Na+1 0.50000 0.00000 0.50000 1.75000 1.00000
  Al1 Al+3 0.00000 0.00000 0.00000 0.85000 1.00000
  Na2 Na+1 0.26828 0.44822 0.25491 1.76000 1.00000
   F1  F-1 0.11683 0.04585 0.21896 1.35000 1.00000
   F2  F-1 0.22106 0.73246 0.06006 1.20000 1.00000
   F3  F-1 0.31529 0.17431 0.04577 1.40000 1.00000
Chiolite
  7 24.910 0.21439 0.000670399 7.03678 7.03678 10.38352 90.0000 90.0000 90.0000 185.4179 0 1001 14.0000 0 0 0 0 0.3998 0 0.98170 1.00000 1.00000 0 0 0 0 0 0 0 0 0
  Na1 Na+1 0.00000 0.00000 0.50000 1.55000 1.00000
  Na2 Na+1 0.27700 0.77700 0.25000 1.70000 1.00000
  Al1 Al+3 0.00000 0.00000 0.00000 1.40000 1.00000
  Al2 Al+3 0.00000 0.50000 0.00000 0.88000 1.00000
   F1  F-1 0.00000 0.00000 0.17328 1.70000 1.00000
   F2  F-1 0.06294 0.24659 0.00000 1.70000 1.00000
   F3  F-1 0.17655 0.53723 0.11961 1.50000 1.00000
NaCa(AlF6)
 18  2.174 0.18342 0.000018487 8.79499 5.14700 20.34729 90.0000 91.2581 90.0000 30.0035 0 1001 14.0000 0 0 0 0 0.4000 0 1.00000 1.00000 1.00000 0 0 0 0 0 0 0 0 0
  Na1 Na+1 0.98680 0.24430 0.16913 2.20000 1.00000
  Na2 Na+1 0.97810 0.28340 0.43252 2.20000 1.00000
  Ca1 Ca+2 0.63030 0.24750 0.32080 0.85000 1.00000
  Ca2 Ca+2 0.62570 0.31190 0.57230 0.85000 1.00000
  Al1 Al+3 0.26880 0.24610 0.30891 1.67000 1.00000
  Al2 Al+3 0.26280 0.18030 0.55880 1.67000 1.00000
   F1  F-1 0.62900 0.62610 0.47770 1.46000 1.00000
   F2  F-1 0.58630 0.61370 0.63970 1.46000 1.00000
   F3  F-1 0.73380 0.08270 0.48240 1.46000 1.00000
   F4  F-1 0.38090 0.10030 0.26260 1.46000 1.00000
   F5  F-1 0.16250 -0.02470 0.63280 1.46000 1.00000
   F6  F-1 0.16430 0.43770 0.38140 1.46000 1.00000
   F7  F-1 0.23570 0.46690 0.62290 1.46000 1.00000
   F8  F-1 0.57860 0.59440 0.88210 1.46000 1.00000
   F9  F-1 0.91320 0.64040 0.22600 1.46000 1.00000
  F10  F-1 0.74030 0.02170 0.23070 1.46000 1.00000
  F11  F-1 0.75510 0.03340 0.62590 1.46000 1.00000
  F12  F-1 0.07480 0.27900 0.53980 1.46000 1.00000
Na2Ca3Al2F14
  6 16.000 0.15701 0.000097639 10.25064 10.25064 10.25064 90.0000 90.0000 90.0000 106.8900 0 1001 14.0000 0 0 0 0 0.4000 0 0.82132 1.00000 1.00000 0 0 0 0 0 0 0 0 0
  Ca1 Ca+2 0.46670 0.00000 0.25000 1.27263 1.00000
  Al1 Al+3 0.24820 0.24820 0.24820 0.70028 1.00000
  Na1 Na+1 0.08470 0.08470 0.08470 1.49906 1.00000
   F1  F-1 0.13870 0.30620 0.12060 1.49892 1.00000
   F2  F-1 0.36400 0.36270 0.18730 1.48494 1.00000
   F3  F-1 0.46140 0.46140 0.46140 1.49961 1.00000
Fluorite
  2  0.055 0.03746 0.000013767 5.46900 5.46900 5.46900 90.0000 90.0000 90.0000 60.0013 0 1001 14.0000 0 0 0 0 0.3800 0 1.00000 1.00000 1.00000 0 0 0 0 0 0 0 0 0
  Ca1 Ca+2 0.00000 0.00000 0.00000 0.57000 1.00000
   F1  F-1 0.25000 0.25000 0.25000 0.81000 1.00000
Weberite
  7  3.148 0.17363 0.000084943 7.07015 9.98000 7.29000 90.0000 90.0000 90.0000 212.5906 0 1001 14.0000 0 0 0 0 0.3500 0 0.90000 1.00000 1.00000 0 0 0 0 0 0 0 0 0
  Na1 Na+1 0.25000 0.25000 0.75000 1.00000 1.00000
  Na2 Na+1 0.00000 0.00000 0.00000 1.00000 1.00000
  Mg1 Mg+2 0.25000 0.25000 0.25000 1.00000 1.00000
  Al1 Al+3 0.00000 0.00000 0.50000 1.00000 1.00000
   F1  F-1 0.00000 0.25000 0.13620 1.00000 1.00000
   F2  F-1 0.00000 0.41440 0.72130 1.00000 1.00000
   F3  F-1 0.18450 0.38740 0.43040 1.00000 1.00000
Neighborite
  4  0.038 0.06466 0.000005219 5.49858 7.66500 5.36000 90.0000 90.0000 90.0000 349.9990 0 1001 14.0000 0 0 0 0 0.0010 0 1.00000 1.00000 1.00000 0 0 0 0 0 0 0 0 0
  Na1 Na+1 0.03975 0.25000 0.48800 1.76232 1.00000
  Mg1 Mg+2 0.00000 0.00000 0.00000 0.77457 1.00000
   F1  F-1 0.45470 0.25000 0.58705 3.75440 1.00000
   F2  F-1 0.29105 0.04897 0.21265 1.37148 1.00000
Elpasolite
  4  0.000 0.02892 0.000000000 8.11200 8.11200 8.11200 90.0000 90.0000 90.0000 199.9996 0 1001 14.0000 0 0 0 0 0.0010 0 1.00000 1.00000 1.00000 0 0 0 0 0 0 0 0 0
    K    K 0.25000 0.25000 0.25000 1.22383 1.00000
   Na   Na 0.50000 0.50000 0.50000 0.84484 1.00000
   Al   Al 0.00000 0.00000 0.00000 0.58428 1.00000
    F    F 0.22250 0.00000 0.00000 1.27910 1.00000
K1.58Al11O17
 11  0.103 0.08397 0.000000748 5.60292 5.60292 34.16994 90.0000 90.0000 120.0000 149.7111 0 1001 14.0000 0 0 0 0 0.0010 0 1.00000 1.00000 1.00000 0 0 0 0 0 0 0 0 0
  Al1   Al 0.16712 -0.16712 0.92980 1.00000 1.00000
  Al2   Al 0.00000 0.00000 0.34988 1.00000 1.00000
  Al3   Al 0.00000 0.00000 0.44935 1.00000 1.00000
  Al4   Al 0.00000 0.00000 0.00000 1.00000 1.00000
   O1    O 0.16419 -0.16419 0.23615 1.00000 1.00000
   O2    O 0.15396 -0.15396 0.03384 1.00000 1.00000
   O3    O 0.00000 0.00000 0.09512 1.00000 1.00000
   O4    O 0.00000 0.00000 0.29520 1.00000 1.00000
   O5    O 0.00000 0.00000 0.50000 1.00000 1.00000
   K1    K 0.00000 0.00000 -0.17086 1.00000 0.31000
   K2    K 0.08717 -0.08717 -0.16784 1.00000 0.16000
Villiaumite
  2  0.000 0.07410 0.000000000 4.63999 4.63999 4.63999 90.0000 90.0000 90.0000 90.0003 0 1001 14.0000 0 0 0 0 0.3800 0 1.00000 1.00000 1.00000 0 0 0 0 0 0 0 0 0
   Na   Na 0.00000 0.00000 0.00000 1.00000 1.00000
    F    F 0.50000 0.50000 0.50000 1.00000 1.00000