SRfactor SZero SDispl STransp + C Wght ESU SF A B C Alpha Beta Gamma NA NB NC P1 P2 P3 U V W Z hh kk ll hk hl kl s1 s2 s3 s4 s5 s6
 5.874 0.00959 0.00000 0
alpha-Al2O3
  2  0.110 0.11087 0.000009599 4.77000 4.77000 13.05000 90.0000 90.0000 120.0000 45.0008 0 1001 14.0000 0 0 0 0 0.3500 0 1.00000 1.00000 1.00000 0 0 0 0 0 0 0 0 0
  Al1 Al+3 0.00000 0.00000 0.35231 0.41294 1.00000
   O1  O-2 0.69360 0.00000 0.25000 0.46190 1.00000
gamma-Al2O3
  4  0.870 0.16950 0.000022125 7.90000 7.90000 7.90000 90.0000 90.0000 90.0000 45.0008 0 1001 14.0000 0 0 0 0 0.3500 0 1.00000 1.00000 1.00000 0 0 0 0 0 0 0 0 0
   O1    O 0.25470 0.25470 0.25470 1.00000 1.00000
  Al1   Al 0.50000 0.50000 0.50000 0.50000 0.58000
  Al2   Al 0.12500 0.12500 0.12500 0.50000 0.84000
  Al3   Al 0.02720 0.02720 0.02720 0.50000 0.17000
Cryolite
  6 10.515 0.17319 0.001456769 5.40938 5.58926 9.46001 90.0000 124.7304 90.0000 106.3385 0 1001 14.0000 0 0 0 0 0.3242 0 0.95000 1.00000 1.00000 0 0 0 0 0 0 0 0 0
  Na1 Na+1 0.50000 0.00000 0.50000 1.75000 1.00000
  Al1 Al+3 0.00000 0.00000 0.00000 0.85000 1.00000
  Na2 Na+1 0.26882 0.44800 0.25029 1.76000 1.00000
   F1  F-1 0.12000 0.05000 0.21874 1.35000 1.00000
   F2  F-1 0.22000 0.73251 0.05866 1.20000 1.00000
   F3  F-1 0.31207 0.17158 0.03700 1.40000 1.00000
Chiolite
  7 59.805 0.28086 0.001724837 7.02827 7.02827 10.39083 90.0000 90.0000 90.0000 187.5847 0 1001 14.0000 0 0 0 0 0.3451 0 1.00000 1.00000 1.00000 0 0 0 0 0 0 0 0 0
  Na1 Na+1 0.00000 0.00000 0.50000 1.55000 1.00000
  Na2 Na+1 0.27700 0.77700 0.25000 1.70000 1.00000
  Al1 Al+3 0.00000 0.00000 0.00000 1.40000 1.00000
  Al2 Al+3 0.00000 0.50000 0.00000 0.88000 1.00000
   F1  F-1 0.00000 0.00000 0.17299 1.70000 1.00000
   F2  F-1 0.06132 0.24585 0.00000 1.70000 1.00000
   F3  F-1 0.17680 0.53741 0.11888 1.50000 1.00000
NaCa(AlF6)
 18  2.236 0.20396 0.000020217 8.79500 5.19054 20.30000 90.0000 91.0637 90.0000 30.0017 0 1001 14.0000 0 0 0 0 0.4000 0 1.00000 1.00000 1.00000 0 0 0 0 0 0 0 0 0
  Na1 Na+1 0.98680 0.24430 0.16810 2.20000 1.00000
  Na2 Na+1 0.95810 0.28340 0.43158 2.20000 1.00000
  Ca1 Ca+2 0.63030 0.22750 0.31424 0.85000 1.00000
  Ca2 Ca+2 0.62570 0.33190 0.57230 0.85000 1.00000
  Al1 Al+3 0.26880 0.24610 0.32890 1.67000 1.00000
  Al2 Al+3 0.26280 0.18030 0.57880 1.67000 1.00000
   F1  F-1 0.62900 0.62610 0.47770 1.46000 1.00000
   F2  F-1 0.58630 0.61370 0.63970 1.46000 1.00000
   F3  F-1 0.73380 0.08270 0.48240 1.46000 1.00000
   F4  F-1 0.38090 0.10030 0.26260 1.46000 1.00000
   F5  F-1 0.16250 -0.02470 0.63280 1.46000 1.00000
   F6  F-1 0.16430 0.43770 0.38140 1.46000 1.00000
   F7  F-1 0.23570 0.46690 0.62290 1.46000 1.00000
   F8  F-1 0.57860 0.59440 0.88210 1.46000 1.00000
   F9  F-1 0.91320 0.64040 0.22600 1.46000 1.00000
  F10  F-1 0.74030 0.02170 0.23070 1.46000 1.00000
  F11  F-1 0.75510 0.03340 0.62590 1.46000 1.00000
  F12  F-1 0.07480 0.27900 0.53980 1.46000 1.00000
Na2Ca3Al2F14
  6  5.092 0.12204 0.000033221 10.25309 10.25309 10.25309 90.0000 90.0000 90.0000 144.8680 0 1001 14.0000 0 0 0 0 0.3975 0 0.88828 1.00000 1.00000 0 0 0 0 0 0 0 0 0
  Ca1 Ca+2 0.46670 0.00000 0.25000 0.70636 1.00000
  Al1 Al+3 0.24820 0.24820 0.24820 0.70000 1.00000
  Na1 Na+1 0.08470 0.08470 0.08470 0.72326 1.00000
   F1  F-1 0.13870 0.30620 0.12060 0.81637 1.00000
   F2  F-1 0.36400 0.36270 0.18730 1.16927 1.00000
   F3  F-1 0.46140 0.46140 0.46140 1.49990 1.00000
Fluorite
  2  0.164 0.03986 0.000043863 5.46900 5.46900 5.46900 90.0000 90.0000 90.0000 60.0003 0 1001 14.0000 0 0 0 0 0.3800 0 1.00000 1.00000 1.00000 0 0 0 0 0 0 0 0 0
  Ca1 Ca+2 0.00000 0.00000 0.00000 0.57000 1.00000
   F1  F-1 0.25000 0.25000 0.25000 0.81000 1.00000
Weberite
  7 21.204 0.17275 0.000609834 7.06239 10.00305 7.30745 90.0000 90.0000 90.0000 499.9977 0 1001 14.0000 0 0 0 0 0.2850 0 0.93546 1.00000 1.00000 0 0 0 0 0 0 0 0 0
  Na1 Na+1 0.25000 0.25000 0.75000 1.00000 1.00000
  Na2 Na+1 0.00000 0.00000 0.00000 1.00000 1.00000
  Mg1 Mg+2 0.25000 0.25000 0.25000 1.00000 1.00000
  Al1 Al+3 0.00000 0.00000 0.50000 1.00000 1.00000
   F1  F-1 0.00000 0.25000 0.13620 1.00000 1.00000
   F2  F-1 0.00000 0.41440 0.72130 1.00000 1.00000
   F3  F-1 0.18450 0.38740 0.43040 1.00000 1.00000
Neighborite
  4  0.004 0.06929 0.000000509 5.50000 7.66500 5.38700 90.0000 90.0000 90.0000 349.9917 0 1001 14.0000 0 0 0 0 0.0011 0 1.00000 1.00000 1.00000 0 0 0 0 0 0 0 0 0
  Na1 Na+1 0.03975 0.25000 0.48800 1.76232 1.00000
  Mg1 Mg+2 0.00000 0.00000 0.00000 0.77457 1.00000
   F1  F-1 0.45470 0.25000 0.58705 3.75440 1.00000
   F2  F-1 0.29105 0.04897 0.21265 1.37148 1.00000
Elpasolite
  4  0.000 0.07096 0.000000000 8.11200 8.11200 8.11200 90.0000 90.0000 90.0000 60.0010 0 1001 14.0000 0 0 0 0 0.4000 0 1.00000 1.00000 1.00000 0 0 0 0 0 0 0 0 0
    K    K 0.25000 0.25000 0.25000 1.22383 1.00000
   Na   Na 0.50000 0.50000 0.50000 0.84484 1.00000
   Al   Al 0.00000 0.00000 0.00000 0.58428 1.00000
    F    F 0.22250 0.00000 0.00000 1.27910 1.00000
K1.58Al11O17
 11  0.000 0.09267 0.000000000 5.58500 5.58500 33.89000 90.0000 90.0000 120.0000 150.0000 0 1001 14.0000 0 0 0 0 0.0010 0 1.00000 1.00000 1.00000 0 0 0 0 0 0 0 0 0
  Al1   Al 0.16712 -0.16712 0.92980 1.00000 1.00000
  Al2   Al 0.00000 0.00000 0.34988 1.00000 1.00000
  Al3   Al 0.00000 0.00000 0.44935 1.00000 1.00000
  Al4   Al 0.00000 0.00000 0.00000 1.00000 1.00000
   O1    O 0.16419 -0.16419 0.23615 1.00000 1.00000
   O2    O 0.15396 -0.15396 0.03384 1.00000 1.00000
   O3    O 0.00000 0.00000 0.09512 1.00000 1.00000
   O4    O 0.00000 0.00000 0.29520 1.00000 1.00000
   O5    O 0.00000 0.00000 0.50000 1.00000 1.00000
   K1    K 0.00000 0.00000 -0.17086 1.00000 0.31000
   K2    K 0.08717 -0.08717 -0.16784 1.00000 0.16000
Villiaumite
  2  0.000 0.07036 0.000000000 4.64000 4.64000 4.64000 90.0000 90.0000 90.0000 90.0002 0 1001 14.0000 0 0 0 0 0.3800 0 1.00000 1.00000 1.00000 0 0 0 0 0 0 0 0 0
   Na   Na 0.00000 0.00000 0.00000 1.00000 1.00000
    F    F 0.50000 0.50000 0.50000 1.00000 1.00000