SRfactor SZero SDispl STransp + C Wght ESU SF A B C Alpha Beta Gamma NA NB NC P1 P2 P3 U V W Z hh kk ll hk hl kl s1 s2 s3 s4 s5 s6
 5.478 0.01161 0.00000 0
alpha-Al2O3
  2  0.927 0.09770 0.000075521 4.75652 4.75652 13.05000 90.0000 90.0000 120.0000 45.0003 0 1001 14.0000 0 0 0 0 0.3500 0 1.00000 1.00000 1.00000 0 0 0 0 0 0 0 0 0
  Al1 Al+3 0.00000 0.00000 0.35231 0.41294 1.00000
   O1  O-2 0.69360 0.00000 0.25000 0.46190 1.00000
gamma-Al2O3
  4  0.358 0.12875 0.000008365 7.93700 7.93700 7.93700 90.0000 90.0000 90.0000 45.0628 0 1001 14.0000 0 0 0 0 0.3499 0 1.00000 1.00000 1.00000 0 0 0 0 0 0 0 0 0
   O1    O 0.25470 0.25470 0.25470 1.00000 1.00000
  Al1   Al 0.50000 0.50000 0.50000 0.50000 0.58000
  Al2   Al 0.12500 0.12500 0.12500 0.50000 0.84000
  Al3   Al 0.02720 0.02720 0.02720 0.50000 0.17000
Cryolite
  6 85.706 0.27833 0.011041468 5.41348 5.59524 9.46367 90.0000 124.7389 90.0000 180.6197 0 1001 14.0000 0 0 0 0 0.3834 0 1.01848 1.00000 1.00000 0 0 0 0 0 0 0 0 0
  Na1 Na+1 0.50000 0.00000 0.50000 1.75000 1.00000
  Al1 Al+3 0.00000 0.00000 0.00000 0.85000 1.00000
  Na2 Na+1 0.26591 0.45087 0.25273 1.76000 1.00000
   F1  F-1 0.11762 0.04427 0.21923 1.35000 1.00000
   F2  F-1 0.22752 0.73305 0.06268 1.20000 1.00000
   F3  F-1 0.31736 0.17195 0.04648 1.40000 1.00000
Chiolite
  7  0.392 0.13944 0.000010426 7.06000 7.06000 10.40299 90.0000 90.0000 90.0000 80.2138 0 1001 14.0000 0 0 0 0 0.3997 0 0.99997 1.00000 1.00000 0 0 0 0 0 0 0 0 0
  Na1 Na+1 0.00000 0.00000 0.50000 1.55000 1.00000
  Na2 Na+1 0.27700 0.77700 0.25000 1.70000 1.00000
  Al1 Al+3 0.00000 0.00000 0.00000 1.40000 1.00000
  Al2 Al+3 0.00000 0.50000 0.00000 0.88000 1.00000
   F1  F-1 0.00000 0.00000 0.17700 1.70000 1.00000
   F2  F-1 0.06399 0.25200 0.00000 1.70000 1.00000
   F3  F-1 0.17601 0.53200 0.11800 1.50000 1.00000
NaCa(AlF6)
 18  0.354 0.13728 0.000002982 8.79500 5.18793 20.30001 90.0000 91.4995 90.0000 30.0292 0 1001 14.0000 0 0 0 0 0.3999 0 1.00000 1.00000 1.00000 0 0 0 0 0 0 0 0 0
  Na1 Na+1 0.96691 0.24430 0.16810 2.20000 1.00000
  Na2 Na+1 0.95812 0.28340 0.43130 2.20000 1.00000
  Ca1 Ca+2 0.63030 0.24750 0.32080 0.85000 1.00000
  Ca2 Ca+2 0.62570 0.31190 0.57230 0.85000 1.00000
  Al1 Al+3 0.24880 0.26610 0.30890 1.67000 1.00000
  Al2 Al+3 0.24280 0.20030 0.55880 1.67000 1.00000
   F1  F-1 0.62900 0.62610 0.47770 1.46000 1.00000
   F2  F-1 0.58630 0.61370 0.63970 1.46000 1.00000
   F3  F-1 0.73380 0.08270 0.48240 1.46000 1.00000
   F4  F-1 0.38090 0.10030 0.26260 1.46000 1.00000
   F5  F-1 0.16250 -0.02470 0.63280 1.46000 1.00000
   F6  F-1 0.16430 0.43770 0.38140 1.46000 1.00000
   F7  F-1 0.23570 0.46690 0.62290 1.46000 1.00000
   F8  F-1 0.57860 0.59440 0.88210 1.46000 1.00000
   F9  F-1 0.91320 0.64040 0.22600 1.46000 1.00000
  F10  F-1 0.74030 0.02170 0.23070 1.46000 1.00000
  F11  F-1 0.75510 0.03340 0.62590 1.46000 1.00000
  F12  F-1 0.07480 0.27900 0.53980 1.46000 1.00000
Na2Ca3Al2F14
  6  0.028 0.04365 0.000000169 10.25400 10.25400 10.25400 90.0000 90.0000 90.0000 349.9669 0 1001 14.0000 0 0 0 0 0.0010 0 0.72001 1.00000 1.00000 0 0 0 0 0 0 0 0 0
  Ca1 Ca+2 0.46670 0.00000 0.25000 0.70038 1.00000
  Al1 Al+3 0.24820 0.24820 0.24820 1.49687 1.00000
  Na1 Na+1 0.08470 0.08470 0.08470 0.70078 1.00000
   F1  F-1 0.13870 0.30620 0.12060 0.70019 1.00000
   F2  F-1 0.36400 0.36270 0.18730 0.70038 1.00000
   F3  F-1 0.46140 0.46140 0.46140 1.49999 1.00000
Fluorite
  2  9.358 0.05297 0.002337576 5.46627 5.46627 5.46627 90.0000 90.0000 90.0000 189.9253 0 1001 14.0000 0 0 0 0 0.3562 0 1.00000 1.00000 1.00000 0 0 0 0 0 0 0 0 0
  Ca1 Ca+2 0.00000 0.00000 0.00000 0.57000 1.00000
   F1  F-1 0.25000 0.25000 0.25000 0.81000 1.00000
Weberite
  7  0.002 0.04356 0.000000053 7.07165 10.00667 7.30588 90.0000 90.0000 90.0000 499.9566 0 1001 14.0000 0 0 0 0 0.0010 0 0.90000 1.00000 1.00000 0 0 0 0 0 0 0 0 0
  Na1 Na+1 0.25000 0.25000 0.75000 1.00000 1.00000
  Na2 Na+1 0.00000 0.00000 0.00000 1.00000 1.00000
  Mg1 Mg+2 0.25000 0.25000 0.25000 1.00000 1.00000
  Al1 Al+3 0.00000 0.00000 0.50000 1.00000 1.00000
   F1  F-1 0.00000 0.25000 0.13620 1.00000 1.00000
   F2  F-1 0.00000 0.41440 0.72130 1.00000 1.00000
   F3  F-1 0.18450 0.38740 0.43040 1.00000 1.00000
Neighborite
  4  0.244 0.07612 0.000032797 5.50000 7.69000 5.37368 90.0000 90.0000 90.0000 349.9928 0 1001 14.0000 0 0 0 0 0.0010 0 1.00000 1.00000 1.00000 0 0 0 0 0 0 0 0 0
  Na1 Na+1 0.03975 0.25000 0.48800 1.76232 1.00000
  Mg1 Mg+2 0.00000 0.00000 0.00000 0.77457 1.00000
   F1  F-1 0.45470 0.25000 0.58705 3.75440 1.00000
   F2  F-1 0.29105 0.04897 0.21265 1.37148 1.00000
Elpasolite
  4  0.000 0.05003 0.000000000 8.11200 8.11200 8.11200 90.0000 90.0000 90.0000 60.0009 0 1001 14.0000 0 0 0 0 0.4000 0 1.00000 1.00000 1.00000 0 0 0 0 0 0 0 0 0
    K    K 0.25000 0.25000 0.25000 1.22383 1.00000
   Na   Na 0.50000 0.50000 0.50000 0.84484 1.00000
   Al   Al 0.00000 0.00000 0.00000 0.58428 1.00000
    F    F 0.22250 0.00000 0.00000 1.27910 1.00000
K1.58Al11O17
 11  1.201 0.14198 0.000008826 5.58768 5.58768 33.89000 90.0000 90.0000 120.0000 45.0003 0 1001 14.0000 0 0 0 0 0.3700 0 1.00000 1.00000 1.00000 0 0 0 0 0 0 0 0 0
  Al1   Al 0.16712 -0.16712 0.92980 1.00000 1.00000
  Al2   Al 0.00000 0.00000 0.34988 1.00000 1.00000
  Al3   Al 0.00000 0.00000 0.44935 1.00000 1.00000
  Al4   Al 0.00000 0.00000 0.00000 1.00000 1.00000
   O1    O 0.16419 -0.16419 0.23615 1.00000 1.00000
   O2    O 0.15396 -0.15396 0.03384 1.00000 1.00000
   O3    O 0.00000 0.00000 0.09512 1.00000 1.00000
   O4    O 0.00000 0.00000 0.29520 1.00000 1.00000
   O5    O 0.00000 0.00000 0.50000 1.00000 1.00000
   K1    K 0.00000 0.00000 -0.17086 1.00000 0.31000
   K2    K 0.08717 -0.08717 -0.16784 1.00000 0.16000
Villiaumite
  2  1.432 0.06762 0.001089711 4.63641 4.63641 4.63641 90.0000 90.0000 90.0000 90.0099 0 1001 14.0000 0 0 0 0 0.3800 0 1.00000 1.00000 1.00000 0 0 0 0 0 0 0 0 0
   Na   Na 0.00000 0.00000 0.00000 1.00000 1.00000
    F    F 0.50000 0.50000 0.50000 1.00000 1.00000