SRfactor SZero SDispl STransp + C Wght ESU SF A B C Alpha Beta Gamma NA NB NC P1 P2 P3 U V W Z hh kk ll hk hl kl s1 s2 s3 s4 s5 s6
 5.319 0.01948 0.00000 0
alpha-Al2O3
  2  0.893 0.09366 0.000078820 4.76211 4.76211 13.04565 90.0000 90.0000 120.0000 45.0003 0 1001 14.0000 0 0 0 0 0.3500 0 1.00000 1.00000 1.00000 0 0 0 0 0 0 0 0 0
  Al1 Al+3 0.00000 0.00000 0.35231 0.41294 1.00000
   O1  O-2 0.69360 0.00000 0.25000 0.46190 1.00000
gamma-Al2O3
  4  0.000 0.11949 0.000000000 7.93642 7.93642 7.93642 90.0000 90.0000 90.0000 45.0006 0 1001 14.0000 0 0 0 0 0.3500 0 1.00000 1.00000 1.00000 0 0 0 0 0 0 0 0 0
   O1    O 0.25470 0.25470 0.25470 1.00000 1.00000
  Al1   Al 0.50000 0.50000 0.50000 0.50000 0.58000
  Al2   Al 0.12500 0.12500 0.12500 0.50000 0.84000
  Al3   Al 0.02720 0.02720 0.02720 0.50000 0.17000
Cryolite
  6 85.484 0.27103 0.011951858 5.41446 5.59538 9.46473 90.0000 124.7430 90.0000 197.2123 0 1001 14.0000 0 0 0 0 0.3882 0 1.01361 1.00000 1.00000 0 0 0 0 0 0 0 0 0
  Na1 Na+1 0.50000 0.00000 0.50000 1.75000 1.00000
  Al1 Al+3 0.00000 0.00000 0.00000 0.85000 1.00000
  Na2 Na+1 0.26589 0.45031 0.25220 1.76000 1.00000
   F1  F-1 0.11708 0.04450 0.21913 1.35000 1.00000
   F2  F-1 0.22729 0.73315 0.06239 1.20000 1.00000
   F3  F-1 0.31622 0.17128 0.04528 1.40000 1.00000
Chiolite
  7  0.255 0.13699 0.000007351 7.06000 7.06000 10.40299 90.0000 90.0000 90.0000 80.4774 0 1001 14.0000 0 0 0 0 0.3993 0 1.00000 1.00000 1.00000 0 0 0 0 0 0 0 0 0
  Na1 Na+1 0.00000 0.00000 0.50000 1.55000 1.00000
  Na2 Na+1 0.27700 0.77700 0.25000 1.70000 1.00000
  Al1 Al+3 0.00000 0.00000 0.00000 1.40000 1.00000
  Al2 Al+3 0.00000 0.50000 0.00000 0.88000 1.00000
   F1  F-1 0.00000 0.00000 0.17699 1.70000 1.00000
   F2  F-1 0.06395 0.25200 0.00000 1.70000 1.00000
   F3  F-1 0.17600 0.53200 0.11950 1.50000 1.00000
NaCa(AlF6)
 18  0.338 0.13926 0.000003123 8.79500 5.14501 20.30004 90.0000 91.4999 90.0000 30.0438 0 1001 14.0000 0 0 0 0 0.3999 0 1.00000 1.00000 1.00000 0 0 0 0 0 0 0 0 0
  Na1 Na+1 0.96809 0.26428 0.16887 2.20000 1.00000
  Na2 Na+1 0.97802 0.28340 0.43135 2.20000 1.00000
  Ca1 Ca+2 0.63030 0.24750 0.32080 0.85000 1.00000
  Ca2 Ca+2 0.62570 0.31190 0.56981 0.85000 1.00000
  Al1 Al+3 0.24880 0.24640 0.32884 1.67000 1.00000
  Al2 Al+3 0.24280 0.18037 0.55880 1.67000 1.00000
   F1  F-1 0.62900 0.62610 0.47770 1.46000 1.00000
   F2  F-1 0.58630 0.61370 0.63970 1.46000 1.00000
   F3  F-1 0.73380 0.08270 0.48240 1.46000 1.00000
   F4  F-1 0.38090 0.10030 0.26260 1.46000 1.00000
   F5  F-1 0.16250 -0.02470 0.63280 1.46000 1.00000
   F6  F-1 0.16430 0.43770 0.38140 1.46000 1.00000
   F7  F-1 0.23570 0.46690 0.62290 1.46000 1.00000
   F8  F-1 0.57860 0.59440 0.88210 1.46000 1.00000
   F9  F-1 0.91320 0.64040 0.22600 1.46000 1.00000
  F10  F-1 0.74030 0.02170 0.23070 1.46000 1.00000
  F11  F-1 0.75510 0.03340 0.62590 1.46000 1.00000
  F12  F-1 0.07480 0.27900 0.53980 1.46000 1.00000
Na2Ca3Al2F14
  6  0.000 0.04114 0.000000000 10.24200 10.24200 10.24200 90.0000 90.0000 90.0000 349.9310 0 1001 14.0000 0 0 0 0 0.0012 0 0.72003 1.00000 1.00000 0 0 0 0 0 0 0 0 0
  Ca1 Ca+2 0.46670 0.00000 0.25000 0.70078 1.00000
  Al1 Al+3 0.24820 0.24820 0.24820 0.70038 1.00000
  Na1 Na+1 0.08470 0.08470 0.08470 1.49999 1.00000
   F1  F-1 0.13870 0.30620 0.12060 1.49999 1.00000
   F2  F-1 0.36400 0.36270 0.18730 0.70038 1.00000
   F3  F-1 0.46140 0.46140 0.46140 1.49999 1.00000
Fluorite
  2  6.048 0.04307 0.001639741 5.46662 5.46662 5.46662 90.0000 90.0000 90.0000 152.0532 0 1001 14.0000 0 0 0 0 0.3800 0 1.00000 1.00000 1.00000 0 0 0 0 0 0 0 0 0
  Ca1 Ca+2 0.00000 0.00000 0.00000 0.57000 1.00000
   F1  F-1 0.25000 0.25000 0.25000 0.81000 1.00000
Weberite
  7  0.031 0.04264 0.000000907 7.06933 10.01995 7.29000 90.0000 90.0000 90.0000 499.9993 0 1001 14.0000 0 0 0 0 0.0011 0 0.90000 1.00000 1.00000 0 0 0 0 0 0 0 0 0
  Na1 Na+1 0.25000 0.25000 0.75000 1.00000 1.00000
  Na2 Na+1 0.00000 0.00000 0.00000 1.00000 1.00000
  Mg1 Mg+2 0.25000 0.25000 0.25000 1.00000 1.00000
  Al1 Al+3 0.00000 0.00000 0.50000 1.00000 1.00000
   F1  F-1 0.00000 0.25000 0.13620 1.00000 1.00000
   F2  F-1 0.00000 0.41440 0.72130 1.00000 1.00000
   F3  F-1 0.18450 0.38740 0.43040 1.00000 1.00000
Neighborite
  4  0.583 0.08991 0.000084892 5.50000 7.69000 5.37966 90.0000 90.0000 90.0000 167.5606 0 1001 14.0000 0 0 0 0 0.0118 0 1.00000 1.00000 1.00000 0 0 0 0 0 0 0 0 0
  Na1 Na+1 0.03975 0.25000 0.48800 1.76232 1.00000
  Mg1 Mg+2 0.00000 0.00000 0.00000 0.77457 1.00000
   F1  F-1 0.45470 0.25000 0.58705 3.75440 1.00000
   F2  F-1 0.29105 0.04897 0.21265 1.37148 1.00000
Elpasolite
  4  0.000 0.04787 0.000000000 8.11200 8.11200 8.11200 90.0000 90.0000 90.0000 60.0009 0 1001 14.0000 0 0 0 0 0.4000 0 1.00000 1.00000 1.00000 0 0 0 0 0 0 0 0 0
    K    K 0.25000 0.25000 0.25000 1.22383 1.00000
   Na   Na 0.50000 0.50000 0.50000 0.84484 1.00000
   Al   Al 0.00000 0.00000 0.00000 0.58428 1.00000
    F    F 0.22250 0.00000 0.00000 1.27910 1.00000
K1.58Al11O17
 11  0.372 0.13319 0.000002973 5.58500 5.58500 33.89000 90.0000 90.0000 120.0000 45.0420 0 1001 14.0000 0 0 0 0 0.3452 0 1.00000 1.00000 1.00000 0 0 0 0 0 0 0 0 0
  Al1   Al 0.16712 -0.16712 0.92980 1.00000 1.00000
  Al2   Al 0.00000 0.00000 0.34988 1.00000 1.00000
  Al3   Al 0.00000 0.00000 0.44935 1.00000 1.00000
  Al4   Al 0.00000 0.00000 0.00000 1.00000 1.00000
   O1    O 0.16419 -0.16419 0.23615 1.00000 1.00000
   O2    O 0.15396 -0.15396 0.03384 1.00000 1.00000
   O3    O 0.00000 0.00000 0.09512 1.00000 1.00000
   O4    O 0.00000 0.00000 0.29520 1.00000 1.00000
   O5    O 0.00000 0.00000 0.50000 1.00000 1.00000
   K1    K 0.00000 0.00000 -0.17086 1.00000 0.31000
   K2    K 0.08717 -0.08717 -0.16784 1.00000 0.16000
Villiaumite
  2  5.996 0.06639 0.004957718 4.63550 4.63550 4.63550 90.0000 90.0000 90.0000 139.0174 0 1001 14.0000 0 0 0 0 0.3800 0 1.00000 1.00000 1.00000 0 0 0 0 0 0 0 0 0
   Na   Na 0.00000 0.00000 0.00000 1.00000 1.00000
    F    F 0.50000 0.50000 0.50000 1.00000 1.00000