SRfactor SZero SDispl STransp + C Wght ESU SF A B C Alpha Beta Gamma NA NB NC P1 P2 P3 U V W Z hh kk ll hk hl kl s1 s2 s3 s4 s5 s6
 5.851 0.01038 0.00000 0
alpha-Al2O3
  2  2.423 0.07953 0.000187491 4.76098 4.76098 13.00606 90.0000 90.0000 120.0000 149.9987 0 1001 14.0000 0 0 0 0 0.1921 0 1.00000 1.00000 1.00000 0 0 0 0 0 0 0 0 0
  Al1 Al+3 0.00000 0.00000 0.35231 0.41294 1.00000
   O1  O-2 0.69360 0.00000 0.25000 0.46190 1.00000
gamma-Al2O3
  4  1.467 0.16696 0.000032512 7.93700 7.93700 7.93700 90.0000 90.0000 90.0000 45.0001 0 1001 14.0000 0 0 0 0 0.3500 0 1.00000 1.00000 1.00000 0 0 0 0 0 0 0 0 0
   O1    O 0.25470 0.25470 0.25470 1.00000 1.00000
  Al1   Al 0.50000 0.50000 0.50000 0.50000 0.58000
  Al2   Al 0.12500 0.12500 0.12500 0.50000 0.84000
  Al3   Al 0.02720 0.02720 0.02720 0.50000 0.17000
Cryolite
  6 75.979 0.30899 0.009227002 5.42938 5.59630 9.49499 90.0000 124.7705 90.0000 166.0392 0 1001 14.0000 0 0 0 0 0.4000 0 1.03096 1.00000 1.00000 0 0 0 0 0 0 0 0 0
  Na1 Na+1 0.50000 0.00000 0.50000 1.75000 1.00000
  Al1 Al+3 0.00000 0.00000 0.00000 0.85000 1.00000
  Na2 Na+1 0.26380 0.45554 0.25088 1.76000 1.00000
   F1  F-1 0.11972 0.04422 0.22104 1.35000 1.00000
   F2  F-1 0.22895 0.73370 0.06028 1.20000 1.00000
   F3  F-1 0.31554 0.16842 0.04471 1.40000 1.00000
Chiolite
  7  0.484 0.15499 0.000012352 7.02000 7.02000 10.40299 90.0000 90.0000 90.0000 80.0267 0 1001 14.0000 0 0 0 0 0.4000 0 0.93000 1.00000 1.00000 0 0 0 0 0 0 0 0 0
  Na1 Na+1 0.00000 0.00000 0.50000 1.55000 1.00000
  Na2 Na+1 0.27700 0.77700 0.25000 1.70000 1.00000
  Al1 Al+3 0.00000 0.00000 0.00000 1.40000 1.00000
  Al2 Al+3 0.00000 0.50000 0.00000 0.88000 1.00000
   F1  F-1 0.00000 0.00000 0.17700 1.70000 1.00000
   F2  F-1 0.06400 0.25200 0.00000 1.70000 1.00000
   F3  F-1 0.17600 0.54000 0.11800 1.50000 1.00000
NaCa(AlF6)
 18  0.614 0.16883 0.000004905 8.79500 5.17923 20.34619 90.0000 91.4954 90.0000 30.0146 0 1001 14.0000 0 0 0 0 0.3998 0 1.00000 1.00000 1.00000 0 0 0 0 0 0 0 0 0
  Na1 Na+1 0.96680 0.26428 0.16810 2.20000 1.00000
  Na2 Na+1 0.95810 0.28340 0.43130 2.20000 1.00000
  Ca1 Ca+2 0.63030 0.22766 0.32080 0.85000 1.00000
  Ca2 Ca+2 0.64566 0.31190 0.57230 0.85000 1.00000
  Al1 Al+3 0.24880 0.24610 0.32890 1.67000 1.00000
  Al2 Al+3 0.24280 0.18030 0.57880 1.67000 1.00000
   F1  F-1 0.62900 0.62610 0.47770 1.46000 1.00000
   F2  F-1 0.58630 0.61370 0.63970 1.46000 1.00000
   F3  F-1 0.73380 0.08270 0.48240 1.46000 1.00000
   F4  F-1 0.38090 0.10030 0.26260 1.46000 1.00000
   F5  F-1 0.16250 -0.02470 0.63280 1.46000 1.00000
   F6  F-1 0.16430 0.43770 0.38140 1.46000 1.00000
   F7  F-1 0.23570 0.46690 0.62290 1.46000 1.00000
   F8  F-1 0.57860 0.59440 0.88210 1.46000 1.00000
   F9  F-1 0.91320 0.64040 0.22600 1.46000 1.00000
  F10  F-1 0.74030 0.02170 0.23070 1.46000 1.00000
  F11  F-1 0.75510 0.03340 0.62590 1.46000 1.00000
  F12  F-1 0.07480 0.27900 0.53980 1.46000 1.00000
Na2Ca3Al2F14
  6  0.171 0.12011 0.000000987 10.24200 10.24200 10.24200 90.0000 90.0000 90.0000 65.0262 0 1001 14.0000 0 0 0 0 0.4000 0 0.72001 1.00000 1.00000 0 0 0 0 0 0 0 0 0
  Ca1 Ca+2 0.46670 0.00000 0.25000 0.70019 1.00000
  Al1 Al+3 0.24820 0.24820 0.24820 1.50000 1.00000
  Na1 Na+1 0.08470 0.08470 0.08470 1.50000 1.00000
   F1  F-1 0.13870 0.30620 0.12060 0.70005 1.00000
   F2  F-1 0.36400 0.36270 0.18730 1.49697 1.00000
   F3  F-1 0.46140 0.46140 0.46140 1.50000 1.00000
Fluorite
  2  9.577 0.05822 0.002270260 5.46515 5.46515 5.46515 90.0000 90.0000 90.0000 191.9301 0 1001 14.0000 0 0 0 0 0.2881 0 1.00000 1.00000 1.00000 0 0 0 0 0 0 0 0 0
  Ca1 Ca+2 0.00000 0.00000 0.00000 0.57000 1.00000
   F1  F-1 0.25000 0.25000 0.25000 0.81000 1.00000
Weberite
  7  0.058 0.05076 0.000001474 7.07071 9.98850 7.29231 90.0000 90.0000 90.0000 499.9958 0 1001 14.0000 0 0 0 0 0.0010 0 0.90000 1.00000 1.00000 0 0 0 0 0 0 0 0 0
  Na1 Na+1 0.25000 0.25000 0.75000 1.00000 1.00000
  Na2 Na+1 0.00000 0.00000 0.00000 1.00000 1.00000
  Mg1 Mg+2 0.25000 0.25000 0.25000 1.00000 1.00000
  Al1 Al+3 0.00000 0.00000 0.50000 1.00000 1.00000
   F1  F-1 0.00000 0.25000 0.13620 1.00000 1.00000
   F2  F-1 0.00000 0.41440 0.72130 1.00000 1.00000
   F3  F-1 0.18450 0.38740 0.43040 1.00000 1.00000
Neighborite
  4  4.699 0.12370 0.000599183 5.49527 7.68685 5.37840 90.0000 90.0000 90.0000 224.3344 0 1001 14.0000 0 0 0 0 0.1585 0 1.00000 1.00000 1.00000 0 0 0 0 0 0 0 0 0
  Na1 Na+1 0.03975 0.25000 0.48800 1.76232 1.00000
  Mg1 Mg+2 0.00000 0.00000 0.00000 0.77457 1.00000
   F1  F-1 0.45470 0.25000 0.58705 3.75440 1.00000
   F2  F-1 0.29105 0.04897 0.21265 1.37148 1.00000
Elpasolite
  4  0.161 0.05862 0.000003785 8.09500 8.09500 8.09500 90.0000 90.0000 90.0000 60.0001 0 1001 14.0000 0 0 0 0 0.4000 0 1.00000 1.00000 1.00000 0 0 0 0 0 0 0 0 0
    K    K 0.25000 0.25000 0.25000 1.22383 1.00000
   Na   Na 0.50000 0.50000 0.50000 0.84484 1.00000
   Al   Al 0.00000 0.00000 0.00000 0.58428 1.00000
    F    F 0.22250 0.00000 0.00000 1.27910 1.00000
K1.58Al11O17
 11  2.084 0.16160 0.000014428 5.60315 5.60315 33.93387 90.0000 90.0000 120.0000 45.0001 0 1001 14.0000 0 0 0 0 0.3700 0 1.00000 1.00000 1.00000 0 0 0 0 0 0 0 0 0
  Al1   Al 0.16712 -0.16712 0.92980 1.00000 1.00000
  Al2   Al 0.00000 0.00000 0.34988 1.00000 1.00000
  Al3   Al 0.00000 0.00000 0.44935 1.00000 1.00000
  Al4   Al 0.00000 0.00000 0.00000 1.00000 1.00000
   O1    O 0.16419 -0.16419 0.23615 1.00000 1.00000
   O2    O 0.15396 -0.15396 0.03384 1.00000 1.00000
   O3    O 0.00000 0.00000 0.09512 1.00000 1.00000
   O4    O 0.00000 0.00000 0.29520 1.00000 1.00000
   O5    O 0.00000 0.00000 0.50000 1.00000 1.00000
   K1    K 0.00000 0.00000 -0.17086 1.00000 0.31000
   K2    K 0.08717 -0.08717 -0.16784 1.00000 0.16000
Villiaumite
  2  2.283 0.07460 0.001649544 4.63506 4.63506 4.63506 90.0000 90.0000 90.0000 116.8782 0 1001 14.0000 0 0 0 0 0.3800 0 1.00000 1.00000 1.00000 0 0 0 0 0 0 0 0 0
   Na   Na 0.00000 0.00000 0.00000 1.00000 1.00000
    F    F 0.50000 0.50000 0.50000 1.00000 1.00000