SRfactor SZero SDispl STransp + C Wght ESU SF A B C Alpha Beta Gamma NA NB NC P1 P2 P3 U V W Z hh kk ll hk hl kl s1 s2 s3 s4 s5 s6
 6.408 0.01067 0.00000 0
alpha-Al2O3
  2  0.319 0.12053 0.000023367 4.75608 4.75608 13.04999 90.0000 90.0000 120.0000 45.1018 0 1001 14.0000 0 0 0 0 0.3497 0 1.00000 1.00000 1.00000 0 0 0 0 0 0 0 0 0
  Al1 Al+3 0.00000 0.00000 0.35231 0.41294 1.00000
   O1  O-2 0.69360 0.00000 0.25000 0.46190 1.00000
gamma-Al2O3
  4  0.886 0.19520 0.000018883 7.90000 7.90000 7.90000 90.0000 90.0000 90.0000 45.2183 0 1001 14.0000 0 0 0 0 0.3497 0 1.00000 1.00000 1.00000 0 0 0 0 0 0 0 0 0
   O1    O 0.25470 0.25470 0.25470 1.00000 1.00000
  Al1   Al 0.50000 0.50000 0.50000 0.50000 0.58000
  Al2   Al 0.12500 0.12500 0.12500 0.50000 0.84000
  Al3   Al 0.02720 0.02720 0.02720 0.50000 0.17000
Cryolite
  6 24.920 0.18057 0.002893392 5.40956 5.58905 9.46131 90.0000 124.7321 90.0000 190.8670 0 1001 14.0000 0 0 0 0 0.2600 0 1.00102 1.00000 1.00000 0 0 0 0 0 0 0 0 0
  Na1 Na+1 0.50000 0.00000 0.50000 1.75000 1.00000
  Al1 Al+3 0.00000 0.00000 0.00000 0.85000 1.00000
  Na2 Na+1 0.26990 0.44940 0.25529 1.76000 1.00000
   F1  F-1 0.12000 0.04939 0.22133 1.35000 1.00000
   F2  F-1 0.22072 0.73449 0.05723 1.20000 1.00000
   F3  F-1 0.31641 0.17298 0.04743 1.40000 1.00000
Chiolite
  7 52.271 0.24842 0.001260800 7.03877 7.03877 10.38211 90.0000 90.0000 90.0000 241.6544 0 1001 14.0000 0 0 0 0 0.2735 0 0.99491 1.00000 1.00000 0 0 0 0 0 0 0 0 0
  Na1 Na+1 0.00000 0.00000 0.50000 1.55000 1.00000
  Na2 Na+1 0.27700 0.77700 0.25000 1.70000 1.00000
  Al1 Al+3 0.00000 0.00000 0.00000 1.40000 1.00000
  Al2 Al+3 0.00000 0.50000 0.00000 0.88000 1.00000
   F1  F-1 0.00000 0.00000 0.17354 1.70000 1.00000
   F2  F-1 0.06216 0.24841 0.00000 1.70000 1.00000
   F3  F-1 0.17844 0.53721 0.11933 1.50000 1.00000
NaCa(AlF6)
 18  3.371 0.13992 0.000025607 8.77042 5.17305 20.37986 90.0000 91.2150 90.0000 84.0704 0 1001 14.0000 0 0 0 0 0.2685 0 1.00000 1.00000 1.00000 0 0 0 0 0 0 0 0 0
  Na1 Na+1 0.96798 0.24430 0.18810 2.20000 1.00000
  Na2 Na+1 0.97809 0.28317 0.43789 2.20000 1.00000
  Ca1 Ca+2 0.63030 0.22750 0.30333 0.85000 1.00000
  Ca2 Ca+2 0.62570 0.31190 0.57230 0.85000 1.00000
  Al1 Al+3 0.26880 0.24610 0.31111 1.67000 1.00000
  Al2 Al+3 0.26279 0.20030 0.57880 1.67000 1.00000
   F1  F-1 0.62900 0.62610 0.47770 1.46000 1.00000
   F2  F-1 0.58630 0.61370 0.63970 1.46000 1.00000
   F3  F-1 0.73380 0.08270 0.48240 1.46000 1.00000
   F4  F-1 0.38090 0.10030 0.26260 1.46000 1.00000
   F5  F-1 0.16250 -0.02470 0.63280 1.46000 1.00000
   F6  F-1 0.16430 0.43770 0.38140 1.46000 1.00000
   F7  F-1 0.23570 0.46690 0.62290 1.46000 1.00000
   F8  F-1 0.57860 0.59440 0.88210 1.46000 1.00000
   F9  F-1 0.91320 0.64040 0.22600 1.46000 1.00000
  F10  F-1 0.74030 0.02170 0.23070 1.46000 1.00000
  F11  F-1 0.75510 0.03340 0.62590 1.46000 1.00000
  F12  F-1 0.07480 0.27900 0.53980 1.46000 1.00000
Na2Ca3Al2F14
  6 17.592 0.15307 0.000096272 10.25019 10.25019 10.25019 90.0000 90.0000 90.0000 349.9446 0 1001 14.0000 0 0 0 0 0.3992 0 0.86723 1.00000 1.00000 0 0 0 0 0 0 0 0 0
  Ca1 Ca+2 0.46670 0.00000 0.25000 0.70000 1.00000
  Al1 Al+3 0.24820 0.24820 0.24820 0.70000 1.00000
  Na1 Na+1 0.08470 0.08470 0.08470 1.49565 1.00000
   F1  F-1 0.13870 0.30620 0.12060 0.70000 1.00000
   F2  F-1 0.36400 0.36270 0.18730 0.70000 1.00000
   F3  F-1 0.46140 0.46140 0.46140 0.73924 1.00000
Fluorite
  2  0.046 0.02386 0.000010253 5.46900 5.46900 5.46900 90.0000 90.0000 90.0000 349.8634 0 1001 14.0000 0 0 0 0 0.3798 0 1.00000 1.00000 1.00000 0 0 0 0 0 0 0 0 0
  Ca1 Ca+2 0.00000 0.00000 0.00000 0.57000 1.00000
   F1  F-1 0.25000 0.25000 0.25000 0.81000 1.00000
Weberite
  7  0.438 0.11870 0.000010602 7.06278 9.98000 7.29000 90.0000 90.0000 90.0000 499.8344 0 1001 14.0000 0 0 0 0 0.1270 0 0.90000 1.00000 1.00000 0 0 0 0 0 0 0 0 0
  Na1 Na+1 0.25000 0.25000 0.75000 1.00000 1.00000
  Na2 Na+1 0.00000 0.00000 0.00000 1.00000 1.00000
  Mg1 Mg+2 0.25000 0.25000 0.25000 1.00000 1.00000
  Al1 Al+3 0.00000 0.00000 0.50000 1.00000 1.00000
   F1  F-1 0.00000 0.25000 0.13620 1.00000 1.00000
   F2  F-1 0.00000 0.41440 0.72130 1.00000 1.00000
   F3  F-1 0.18450 0.38740 0.43040 1.00000 1.00000
Neighborite
  4  0.002 0.06489 0.000000271 5.49839 7.67459 5.36237 90.0000 90.0000 90.0000 349.9962 0 1001 14.0000 0 0 0 0 0.0010 0 1.00000 1.00000 1.00000 0 0 0 0 0 0 0 0 0
  Na1 Na+1 0.03975 0.25000 0.48800 1.76232 1.00000
  Mg1 Mg+2 0.00000 0.00000 0.00000 0.77457 1.00000
   F1  F-1 0.45470 0.25000 0.58705 3.75440 1.00000
   F2  F-1 0.29105 0.04897 0.21265 1.37148 1.00000
Elpasolite
  4  0.156 0.03479 0.000003457 8.11194 8.11194 8.11194 90.0000 90.0000 90.0000 199.9728 0 1001 14.0000 0 0 0 0 0.0513 0 1.00000 1.00000 1.00000 0 0 0 0 0 0 0 0 0
    K    K 0.25000 0.25000 0.25000 1.22383 1.00000
   Na   Na 0.50000 0.50000 0.50000 0.84484 1.00000
   Al   Al 0.00000 0.00000 0.00000 0.58428 1.00000
    F    F 0.22250 0.00000 0.00000 1.27910 1.00000
K1.58Al11O17
 11  0.000 0.15620 0.000000000 5.60835 5.60835 33.89135 90.0000 90.0000 120.0000 45.4062 0 1001 14.0000 0 0 0 0 0.0053 0 1.00000 1.00000 1.00000 0 0 0 0 0 0 0 0 0
  Al1   Al 0.16712 -0.16712 0.92980 1.00000 1.00000
  Al2   Al 0.00000 0.00000 0.34988 1.00000 1.00000
  Al3   Al 0.00000 0.00000 0.44935 1.00000 1.00000
  Al4   Al 0.00000 0.00000 0.00000 1.00000 1.00000
   O1    O 0.16419 -0.16419 0.23615 1.00000 1.00000
   O2    O 0.15396 -0.15396 0.03384 1.00000 1.00000
   O3    O 0.00000 0.00000 0.09512 1.00000 1.00000
   O4    O 0.00000 0.00000 0.29520 1.00000 1.00000
   O5    O 0.00000 0.00000 0.50000 1.00000 1.00000
   K1    K 0.00000 0.00000 -0.17086 1.00000 0.31000
   K2    K 0.08717 -0.08717 -0.16784 1.00000 0.16000
Villiaumite
  2  0.000 0.07302 0.000000000 4.64000 4.64000 4.64000 90.0000 90.0000 90.0000 90.0014 0 1001 14.0000 0 0 0 0 0.3800 0 1.00000 1.00000 1.00000 0 0 0 0 0 0 0 0 0
   Na   Na 0.00000 0.00000 0.00000 1.00000 1.00000
    F    F 0.50000 0.50000 0.50000 1.00000 1.00000