SRfactor SZero SDispl STransp + C Wght ESU SF A B C Alpha Beta Gamma NA NB NC P1 P2 P3 U V W Z hh kk ll hk hl kl s1 s2 s3 s4 s5 s6
 5.729 0.01371 0.00000 0
alpha-Al2O3
  2  0.941 0.10617 0.000073411 4.76191 4.76191 13.03816 90.0000 90.0000 120.0000 45.0062 0 1001 14.0000 0 0 0 0 0.3500 0 1.00000 1.00000 1.00000 0 0 0 0 0 0 0 0 0
  Al1 Al+3 0.00000 0.00000 0.35231 0.41294 1.00000
   O1  O-2 0.69360 0.00000 0.25000 0.46190 1.00000
gamma-Al2O3
  4  1.933 0.12869 0.000043665 7.91607 7.91607 7.91607 90.0000 90.0000 90.0000 49.8264 0 1001 14.0000 0 0 0 0 0.1469 0 1.00000 1.00000 1.00000 0 0 0 0 0 0 0 0 0
   O1    O 0.25470 0.25470 0.25470 1.00000 1.00000
  Al1   Al 0.50000 0.50000 0.50000 0.50000 0.58000
  Al2   Al 0.12500 0.12500 0.12500 0.50000 0.84000
  Al3   Al 0.02720 0.02720 0.02720 0.50000 0.17000
Cryolite
  6 57.283 0.28085 0.007088295 5.41201 5.58832 9.46296 90.0000 124.7498 90.0000 169.4868 0 1001 14.0000 0 0 0 0 0.3633 0 1.00635 1.00000 1.00000 0 0 0 0 0 0 0 0 0
  Na1 Na+1 0.50000 0.00000 0.50000 1.75000 1.00000
  Al1 Al+3 0.00000 0.00000 0.00000 0.85000 1.00000
  Na2 Na+1 0.26720 0.44944 0.25440 1.76000 1.00000
   F1  F-1 0.11730 0.04514 0.21985 1.35000 1.00000
   F2  F-1 0.22392 0.73261 0.06046 1.20000 1.00000
   F3  F-1 0.31513 0.17345 0.04585 1.40000 1.00000
Chiolite
  7 16.482 0.23321 0.000422352 7.05491 7.05491 10.37027 90.0000 90.0000 90.0000 100.3844 0 1001 14.0000 0 0 0 0 0.4000 0 0.95051 1.00000 1.00000 0 0 0 0 0 0 0 0 0
  Na1 Na+1 0.00000 0.00000 0.50000 1.55000 1.00000
  Na2 Na+1 0.27700 0.77700 0.25000 1.70000 1.00000
  Al1 Al+3 0.00000 0.00000 0.00000 1.40000 1.00000
  Al2 Al+3 0.00000 0.50000 0.00000 0.88000 1.00000
   F1  F-1 0.00000 0.00000 0.17250 1.70000 1.00000
   F2  F-1 0.05988 0.25090 0.00000 1.70000 1.00000
   F3  F-1 0.17922 0.53427 0.12058 1.50000 1.00000
NaCa(AlF6)
 18  3.055 0.17476 0.000024775 8.76039 5.15649 20.43672 90.0000 91.1338 90.0000 30.0004 0 1001 14.0000 0 0 0 0 0.4000 0 1.00000 1.00000 1.00000 0 0 0 0 0 0 0 0 0
  Na1 Na+1 0.98680 0.24430 0.16952 2.20000 1.00000
  Na2 Na+1 0.97810 0.28340 0.43552 2.20000 1.00000
  Ca1 Ca+2 0.63030 0.24750 0.31363 0.85000 1.00000
  Ca2 Ca+2 0.62570 0.31190 0.57050 0.85000 1.00000
  Al1 Al+3 0.26880 0.24610 0.30890 1.67000 1.00000
  Al2 Al+3 0.24280 0.18030 0.55880 1.67000 1.00000
   F1  F-1 0.62900 0.62610 0.47770 1.46000 1.00000
   F2  F-1 0.58630 0.61370 0.63970 1.46000 1.00000
   F3  F-1 0.73380 0.08270 0.48240 1.46000 1.00000
   F4  F-1 0.38090 0.10030 0.26260 1.46000 1.00000
   F5  F-1 0.16250 -0.02470 0.63280 1.46000 1.00000
   F6  F-1 0.16430 0.43770 0.38140 1.46000 1.00000
   F7  F-1 0.23570 0.46690 0.62290 1.46000 1.00000
   F8  F-1 0.57860 0.59440 0.88210 1.46000 1.00000
   F9  F-1 0.91320 0.64040 0.22600 1.46000 1.00000
  F10  F-1 0.74030 0.02170 0.23070 1.46000 1.00000
  F11  F-1 0.75510 0.03340 0.62590 1.46000 1.00000
  F12  F-1 0.07480 0.27900 0.53980 1.46000 1.00000
Na2Ca3Al2F14
  6 12.744 0.14467 0.000074368 10.24945 10.24945 10.24945 90.0000 90.0000 90.0000 108.5523 0 1001 14.0000 0 0 0 0 0.4000 0 0.78869 1.00000 1.00000 0 0 0 0 0 0 0 0 0
  Ca1 Ca+2 0.46670 0.00000 0.25000 1.08723 1.00000
  Al1 Al+3 0.24820 0.24820 0.24820 0.99812 1.00000
  Na1 Na+1 0.08470 0.08470 0.08470 1.49990 1.00000
   F1  F-1 0.13870 0.30620 0.12060 1.02284 1.00000
   F2  F-1 0.36400 0.36270 0.18730 1.09956 1.00000
   F3  F-1 0.46140 0.46140 0.46140 1.49995 1.00000
Fluorite
  2  0.114 0.03485 0.000027328 5.46900 5.46900 5.46900 90.0000 90.0000 90.0000 60.0002 0 1001 14.0000 0 0 0 0 0.3800 0 1.00000 1.00000 1.00000 0 0 0 0 0 0 0 0 0
  Ca1 Ca+2 0.00000 0.00000 0.00000 0.57000 1.00000
   F1  F-1 0.25000 0.25000 0.25000 0.81000 1.00000
Weberite
  7  1.918 0.17530 0.000049372 7.07200 9.99530 7.29000 90.0000 90.0000 90.0000 306.2924 0 1001 14.0000 0 0 0 0 0.3500 0 0.90000 1.00000 1.00000 0 0 0 0 0 0 0 0 0
  Na1 Na+1 0.25000 0.25000 0.75000 1.00000 1.00000
  Na2 Na+1 0.00000 0.00000 0.00000 1.00000 1.00000
  Mg1 Mg+2 0.25000 0.25000 0.25000 1.00000 1.00000
  Al1 Al+3 0.00000 0.00000 0.50000 1.00000 1.00000
   F1  F-1 0.00000 0.25000 0.13620 1.00000 1.00000
   F2  F-1 0.00000 0.41440 0.72130 1.00000 1.00000
   F3  F-1 0.18450 0.38740 0.43040 1.00000 1.00000
Neighborite
  4  0.185 0.11799 0.000024029 5.48800 7.66500 5.36000 90.0000 90.0000 90.0000 349.9954 0 1001 14.0000 0 0 0 0 0.3000 0 1.00000 1.00000 1.00000 0 0 0 0 0 0 0 0 0
  Na1 Na+1 0.03975 0.25000 0.48800 1.76232 1.00000
  Mg1 Mg+2 0.00000 0.00000 0.00000 0.77457 1.00000
   F1  F-1 0.45470 0.25000 0.58705 3.75440 1.00000
   F2  F-1 0.29105 0.04897 0.21265 1.37148 1.00000
Elpasolite
  4  5.344 0.06940 0.000126530 8.10658 8.10658 8.10658 90.0000 90.0000 90.0000 99.1803 0 1001 14.0000 0 0 0 0 0.4000 0 1.00000 1.00000 1.00000 0 0 0 0 0 0 0 0 0
    K    K 0.25000 0.25000 0.25000 1.22383 1.00000
   Na   Na 0.50000 0.50000 0.50000 0.84484 1.00000
   Al   Al 0.00000 0.00000 0.00000 0.58428 1.00000
    F    F 0.22250 0.00000 0.00000 1.27910 1.00000
K1.58Al11O17
 11  0.000 0.08359 0.000000000 5.60125 5.60125 34.12252 90.0000 90.0000 120.0000 149.9999 0 1001 14.0000 0 0 0 0 0.0010 0 1.00000 1.00000 1.00000 0 0 0 0 0 0 0 0 0
  Al1   Al 0.16712 -0.16712 0.92980 1.00000 1.00000
  Al2   Al 0.00000 0.00000 0.34988 1.00000 1.00000
  Al3   Al 0.00000 0.00000 0.44935 1.00000 1.00000
  Al4   Al 0.00000 0.00000 0.00000 1.00000 1.00000
   O1    O 0.16419 -0.16419 0.23615 1.00000 1.00000
   O2    O 0.15396 -0.15396 0.03384 1.00000 1.00000
   O3    O 0.00000 0.00000 0.09512 1.00000 1.00000
   O4    O 0.00000 0.00000 0.29520 1.00000 1.00000
   O5    O 0.00000 0.00000 0.50000 1.00000 1.00000
   K1    K 0.00000 0.00000 -0.17086 1.00000 0.31000
   K2    K 0.08717 -0.08717 -0.16784 1.00000 0.16000
Villiaumite
  2  0.001 0.04056 0.000000464 4.63974 4.63974 4.63974 90.0000 90.0000 90.0000 169.6753 0 1001 14.0000 0 0 0 0 0.0277 0 1.00000 1.00000 1.00000 0 0 0 0 0 0 0 0 0
   Na   Na 0.00000 0.00000 0.00000 1.00000 1.00000
    F    F 0.50000 0.50000 0.50000 1.00000 1.00000