SRfactor SZero SDispl STransp + C Wght ESU SF A B C Alpha Beta Gamma NA NB NC P1 P2 P3 U V W Z hh kk ll hk hl kl s1 s2 s3 s4 s5 s6
 5.509 0.00910 0.00000 0
alpha-Al2O3
  2  0.701 0.11669 0.000058046 4.76672 4.76672 13.04666 90.0000 90.0000 120.0000 45.0002 0 1001 14.0000 0 0 0 0 0.3500 0 1.00000 1.00000 1.00000 0 0 0 0 0 0 0 0 0
  Al1 Al+3 0.00000 0.00000 0.35231 0.41294 1.00000
   O1  O-2 0.69360 0.00000 0.25000 0.46190 1.00000
gamma-Al2O3
  4  2.087 0.17764 0.000050507 7.90000 7.90000 7.90000 90.0000 90.0000 90.0000 45.0000 0 1001 14.0000 0 0 0 0 0.3500 0 1.00000 1.00000 1.00000 0 0 0 0 0 0 0 0 0
   O1    O 0.25470 0.25470 0.25470 1.00000 1.00000
  Al1   Al 0.50000 0.50000 0.50000 0.50000 0.58000
  Al2   Al 0.12500 0.12500 0.12500 0.50000 0.84000
  Al3   Al 0.02720 0.02720 0.02720 0.50000 0.17000
Cryolite
  6 41.743 0.25024 0.005512287 5.40867 5.58525 9.45466 90.0000 124.7533 90.0000 172.2623 0 1001 14.0000 0 0 0 0 0.3818 0 1.04283 1.00000 1.00000 0 0 0 0 0 0 0 0 0
  Na1 Na+1 0.50000 0.00000 0.50000 1.75000 1.00000
  Al1 Al+3 0.00000 0.00000 0.00000 0.85000 1.00000
  Na2 Na+1 0.26999 0.44968 0.25626 1.76000 1.00000
   F1  F-1 0.11692 0.04703 0.21777 1.35000 1.00000
   F2  F-1 0.22189 0.73202 0.05919 1.20000 1.00000
   F3  F-1 0.31595 0.17557 0.04667 1.40000 1.00000
Chiolite
  7 43.667 0.25842 0.001196511 7.03408 7.03408 10.38952 90.0000 90.0000 90.0000 145.9792 0 1001 14.0000 0 0 0 0 0.4000 0 0.98898 1.00000 1.00000 0 0 0 0 0 0 0 0 0
  Na1 Na+1 0.00000 0.00000 0.50000 1.55000 1.00000
  Na2 Na+1 0.27700 0.77700 0.25000 1.70000 1.00000
  Al1 Al+3 0.00000 0.00000 0.00000 1.40000 1.00000
  Al2 Al+3 0.00000 0.50000 0.00000 0.88000 1.00000
   F1  F-1 0.00000 0.00000 0.17329 1.70000 1.00000
   F2  F-1 0.06252 0.24790 0.00000 1.70000 1.00000
   F3  F-1 0.17822 0.53653 0.11878 1.50000 1.00000
NaCa(AlF6)
 18  0.787 0.18429 0.000006798 8.79500 5.14500 20.39782 90.0000 91.5000 90.0000 30.0005 0 1001 14.0000 0 0 0 0 0.4000 0 1.00000 1.00000 1.00000 0 0 0 0 0 0 0 0 0
  Na1 Na+1 0.96680 0.24430 0.18810 2.20000 1.00000
  Na2 Na+1 0.95810 0.28340 0.45130 2.20000 1.00000
  Ca1 Ca+2 0.63030 0.22750 0.30554 0.85000 1.00000
  Ca2 Ca+2 0.62570 0.31190 0.57021 0.85000 1.00000
  Al1 Al+3 0.24880 0.24610 0.32890 1.67000 1.00000
  Al2 Al+3 0.24280 0.18030 0.57880 1.67000 1.00000
   F1  F-1 0.62900 0.62610 0.47770 1.46000 1.00000
   F2  F-1 0.58630 0.61370 0.63970 1.46000 1.00000
   F3  F-1 0.73380 0.08270 0.48240 1.46000 1.00000
   F4  F-1 0.38090 0.10030 0.26260 1.46000 1.00000
   F5  F-1 0.16250 -0.02470 0.63280 1.46000 1.00000
   F6  F-1 0.16430 0.43770 0.38140 1.46000 1.00000
   F7  F-1 0.23570 0.46690 0.62290 1.46000 1.00000
   F8  F-1 0.57860 0.59440 0.88210 1.46000 1.00000
   F9  F-1 0.91320 0.64040 0.22600 1.46000 1.00000
  F10  F-1 0.74030 0.02170 0.23070 1.46000 1.00000
  F11  F-1 0.75510 0.03340 0.62590 1.46000 1.00000
  F12  F-1 0.07480 0.27900 0.53980 1.46000 1.00000
Na2Ca3Al2F14
  6  9.279 0.13017 0.000057596 10.25348 10.25348 10.25348 90.0000 90.0000 90.0000 145.5263 0 1001 14.0000 0 0 0 0 0.4000 0 0.81833 1.00000 1.00000 0 0 0 0 0 0 0 0 0
  Ca1 Ca+2 0.46670 0.00000 0.25000 0.70649 1.00000
  Al1 Al+3 0.24820 0.24820 0.24820 0.93083 1.00000
  Na1 Na+1 0.08470 0.08470 0.08470 1.41579 1.00000
   F1  F-1 0.13870 0.30620 0.12060 0.83513 1.00000
   F2  F-1 0.36400 0.36270 0.18730 1.50000 1.00000
   F3  F-1 0.46140 0.46140 0.46140 1.50000 1.00000
Fluorite
  2  0.336 0.03508 0.000085553 5.46900 5.46900 5.46900 90.0000 90.0000 90.0000 60.7629 0 1001 14.0000 0 0 0 0 0.3750 0 1.00000 1.00000 1.00000 0 0 0 0 0 0 0 0 0
  Ca1 Ca+2 0.00000 0.00000 0.00000 0.57000 1.00000
   F1  F-1 0.25000 0.25000 0.25000 0.81000 1.00000
Weberite
  7  1.166 0.15860 0.000032005 7.07200 9.98456 7.29000 90.0000 90.0000 90.0000 499.9996 0 1001 14.0000 0 0 0 0 0.3479 0 0.90000 1.00000 1.00000 0 0 0 0 0 0 0 0 0
  Na1 Na+1 0.25000 0.25000 0.75000 1.00000 1.00000
  Na2 Na+1 0.00000 0.00000 0.00000 1.00000 1.00000
  Mg1 Mg+2 0.25000 0.25000 0.25000 1.00000 1.00000
  Al1 Al+3 0.00000 0.00000 0.50000 1.00000 1.00000
   F1  F-1 0.00000 0.25000 0.13620 1.00000 1.00000
   F2  F-1 0.00000 0.41440 0.72130 1.00000 1.00000
   F3  F-1 0.18450 0.38740 0.43040 1.00000 1.00000
Neighborite
  4  0.000 0.16699 0.000000000 5.48800 7.69000 5.36000 90.0000 90.0000 90.0000 100.0001 0 1001 14.0000 0 0 0 0 0.3000 0 1.00000 1.00000 1.00000 0 0 0 0 0 0 0 0 0
  Na1 Na+1 0.03975 0.25000 0.48800 1.76232 1.00000
  Mg1 Mg+2 0.00000 0.00000 0.00000 0.77457 1.00000
   F1  F-1 0.45470 0.25000 0.58705 3.75440 1.00000
   F2  F-1 0.29105 0.04897 0.21265 1.37148 1.00000
Elpasolite
  4  0.234 0.03513 0.000005891 8.10968 8.10968 8.10968 90.0000 90.0000 90.0000 199.9999 0 1001 14.0000 0 0 0 0 0.1052 0 1.00000 1.00000 1.00000 0 0 0 0 0 0 0 0 0
    K    K 0.25000 0.25000 0.25000 1.22383 1.00000
   Na   Na 0.50000 0.50000 0.50000 0.84484 1.00000
   Al   Al 0.00000 0.00000 0.00000 0.58428 1.00000
    F    F 0.22250 0.00000 0.00000 1.27910 1.00000
K1.58Al11O17
 11  0.000 0.18705 0.000000000 5.58500 5.58500 33.89000 90.0000 90.0000 120.0000 45.0001 0 1001 14.0000 0 0 0 0 0.3700 0 1.00000 1.00000 1.00000 0 0 0 0 0 0 0 0 0
  Al1   Al 0.16712 -0.16712 0.92980 1.00000 1.00000
  Al2   Al 0.00000 0.00000 0.34988 1.00000 1.00000
  Al3   Al 0.00000 0.00000 0.44935 1.00000 1.00000
  Al4   Al 0.00000 0.00000 0.00000 1.00000 1.00000
   O1    O 0.16419 -0.16419 0.23615 1.00000 1.00000
   O2    O 0.15396 -0.15396 0.03384 1.00000 1.00000
   O3    O 0.00000 0.00000 0.09512 1.00000 1.00000
   O4    O 0.00000 0.00000 0.29520 1.00000 1.00000
   O5    O 0.00000 0.00000 0.50000 1.00000 1.00000
   K1    K 0.00000 0.00000 -0.17086 1.00000 0.31000
   K2    K 0.08717 -0.08717 -0.16784 1.00000 0.16000
Villiaumite
  2  0.000 0.07087 0.000000000 4.64000 4.64000 4.64000 90.0000 90.0000 90.0000 90.0000 0 1001 14.0000 0 0 0 0 0.3800 0 1.00000 1.00000 1.00000 0 0 0 0 0 0 0 0 0
   Na   Na 0.00000 0.00000 0.00000 1.00000 1.00000
    F    F 0.50000 0.50000 0.50000 1.00000 1.00000