SRfactor SZero SDispl STransp + C Wght ESU SF A B C Alpha Beta Gamma NA NB NC P1 P2 P3 U V W Z hh kk ll hk hl kl s1 s2 s3 s4 s5 s6
 5.390 0.01172 0.00000 0
alpha-Al2O3
  2  0.889 0.10765 0.000075850 4.77000 4.77000 13.04569 90.0000 90.0000 120.0000 45.0032 0 1001 14.0000 0 0 0 0 0.3500 0 1.00000 1.00000 1.00000 0 0 0 0 0 0 0 0 0
  Al1 Al+3 0.00000 0.00000 0.35231 0.41294 1.00000
   O1  O-2 0.69360 0.00000 0.25000 0.46190 1.00000
gamma-Al2O3
  4  1.328 0.14193 0.000033145 7.90000 7.90000 7.90000 90.0000 90.0000 90.0000 45.0001 0 1001 14.0000 0 0 0 0 0.3500 0 1.00000 1.00000 1.00000 0 0 0 0 0 0 0 0 0
   O1    O 0.25470 0.25470 0.25470 1.00000 1.00000
  Al1   Al 0.50000 0.50000 0.50000 0.50000 0.58000
  Al2   Al 0.12500 0.12500 0.12500 0.50000 0.84000
  Al3   Al 0.02720 0.02720 0.02720 0.50000 0.17000
Cryolite
  6 53.392 0.26049 0.007270630 5.40949 5.58645 9.45566 90.0000 124.7565 90.0000 160.1720 0 1001 14.0000 0 0 0 0 0.3603 0 1.02564 1.00000 1.00000 0 0 0 0 0 0 0 0 0
  Na1 Na+1 0.50000 0.00000 0.50000 1.75000 1.00000
  Al1 Al+3 0.00000 0.00000 0.00000 0.85000 1.00000
  Na2 Na+1 0.26716 0.44977 0.25376 1.76000 1.00000
   F1  F-1 0.11674 0.04547 0.21811 1.35000 1.00000
   F2  F-1 0.22541 0.73374 0.06040 1.20000 1.00000
   F3  F-1 0.31503 0.17324 0.04599 1.40000 1.00000
Chiolite
  7 31.542 0.21298 0.000891591 7.03414 7.03414 10.38986 90.0000 90.0000 90.0000 122.8037 0 1001 14.0000 0 0 0 0 0.4000 0 0.97665 1.00000 1.00000 0 0 0 0 0 0 0 0 0
  Na1 Na+1 0.00000 0.00000 0.50000 1.55000 1.00000
  Na2 Na+1 0.27700 0.77700 0.25000 1.70000 1.00000
  Al1 Al+3 0.00000 0.00000 0.00000 1.40000 1.00000
  Al2 Al+3 0.00000 0.50000 0.00000 0.88000 1.00000
   F1  F-1 0.00000 0.00000 0.17299 1.70000 1.00000
   F2  F-1 0.06205 0.24742 0.00000 1.70000 1.00000
   F3  F-1 0.17783 0.53616 0.11853 1.50000 1.00000
NaCa(AlF6)
 18  1.728 0.19254 0.000015351 8.79500 5.18045 20.32328 90.0000 91.4093 90.0000 30.0045 0 1001 14.0000 0 0 0 0 0.4000 0 1.00000 1.00000 1.00000 0 0 0 0 0 0 0 0 0
  Na1 Na+1 0.98680 0.24430 0.16810 2.20000 1.00000
  Na2 Na+1 0.95887 0.28340 0.45130 2.20000 1.00000
  Ca1 Ca+2 0.63030 0.22750 0.30577 0.85000 1.00000
  Ca2 Ca+2 0.62570 0.33189 0.57230 0.85000 1.00000
  Al1 Al+3 0.24880 0.24610 0.32890 1.67000 1.00000
  Al2 Al+3 0.24280 0.18030 0.55880 1.67000 1.00000
   F1  F-1 0.62900 0.62610 0.47770 1.46000 1.00000
   F2  F-1 0.58630 0.61370 0.63970 1.46000 1.00000
   F3  F-1 0.73380 0.08270 0.48240 1.46000 1.00000
   F4  F-1 0.38090 0.10030 0.26260 1.46000 1.00000
   F5  F-1 0.16250 -0.02470 0.63280 1.46000 1.00000
   F6  F-1 0.16430 0.43770 0.38140 1.46000 1.00000
   F7  F-1 0.23570 0.46690 0.62290 1.46000 1.00000
   F8  F-1 0.57860 0.59440 0.88210 1.46000 1.00000
   F9  F-1 0.91320 0.64040 0.22600 1.46000 1.00000
  F10  F-1 0.74030 0.02170 0.23070 1.46000 1.00000
  F11  F-1 0.75510 0.03340 0.62590 1.46000 1.00000
  F12  F-1 0.07480 0.27900 0.53980 1.46000 1.00000
Na2Ca3Al2F14
  6  9.071 0.12463 0.000058104 10.25221 10.25221 10.25221 90.0000 90.0000 90.0000 119.7611 0 1001 14.0000 0 0 0 0 0.4000 0 0.79125 1.00000 1.00000 0 0 0 0 0 0 0 0 0
  Ca1 Ca+2 0.46670 0.00000 0.25000 0.71331 1.00000
  Al1 Al+3 0.24820 0.24820 0.24820 1.42434 1.00000
  Na1 Na+1 0.08470 0.08470 0.08470 1.42963 1.00000
   F1  F-1 0.13870 0.30620 0.12060 0.70002 1.00000
   F2  F-1 0.36400 0.36270 0.18730 1.49982 1.00000
   F3  F-1 0.46140 0.46140 0.46140 1.49990 1.00000
Fluorite
  2  0.278 0.03487 0.000073109 5.46900 5.46900 5.46900 90.0000 90.0000 90.0000 60.2347 0 1001 14.0000 0 0 0 0 0.3800 0 1.00000 1.00000 1.00000 0 0 0 0 0 0 0 0 0
  Ca1 Ca+2 0.00000 0.00000 0.00000 0.57000 1.00000
   F1  F-1 0.25000 0.25000 0.25000 0.81000 1.00000
Weberite
  7  1.209 0.16977 0.000034211 7.07200 9.98912 7.29000 90.0000 90.0000 90.0000 155.9867 0 1001 14.0000 0 0 0 0 0.3500 0 0.90000 1.00000 1.00000 0 0 0 0 0 0 0 0 0
  Na1 Na+1 0.25000 0.25000 0.75000 1.00000 1.00000
  Na2 Na+1 0.00000 0.00000 0.00000 1.00000 1.00000
  Mg1 Mg+2 0.25000 0.25000 0.25000 1.00000 1.00000
  Al1 Al+3 0.00000 0.00000 0.50000 1.00000 1.00000
   F1  F-1 0.00000 0.25000 0.13620 1.00000 1.00000
   F2  F-1 0.00000 0.41440 0.72130 1.00000 1.00000
   F3  F-1 0.18450 0.38740 0.43040 1.00000 1.00000
Neighborite
  4  0.000 0.13696 0.000000000 5.48800 7.66500 5.36000 90.0000 90.0000 90.0000 100.0037 0 1001 14.0000 0 0 0 0 0.3000 0 1.00000 1.00000 1.00000 0 0 0 0 0 0 0 0 0
  Na1 Na+1 0.03975 0.25000 0.48800 1.76232 1.00000
  Mg1 Mg+2 0.00000 0.00000 0.00000 0.77457 1.00000
   F1  F-1 0.45470 0.25000 0.58705 3.75440 1.00000
   F2  F-1 0.29105 0.04897 0.21265 1.37148 1.00000
Elpasolite
  4  0.547 0.04298 0.000014226 8.10848 8.10848 8.10848 90.0000 90.0000 90.0000 66.0477 0 1001 14.0000 0 0 0 0 0.0010 0 1.00000 1.00000 1.00000 0 0 0 0 0 0 0 0 0
    K    K 0.25000 0.25000 0.25000 1.22383 1.00000
   Na   Na 0.50000 0.50000 0.50000 0.84484 1.00000
   Al   Al 0.00000 0.00000 0.00000 0.58428 1.00000
    F    F 0.22250 0.00000 0.00000 1.27910 1.00000
K1.58Al11O17
 11  0.016 0.07931 0.000000125 5.61061 5.61061 34.02392 90.0000 90.0000 120.0000 149.9887 0 1001 14.0000 0 0 0 0 0.0010 0 1.00000 1.00000 1.00000 0 0 0 0 0 0 0 0 0
  Al1   Al 0.16712 -0.16712 0.92980 1.00000 1.00000
  Al2   Al 0.00000 0.00000 0.34988 1.00000 1.00000
  Al3   Al 0.00000 0.00000 0.44935 1.00000 1.00000
  Al4   Al 0.00000 0.00000 0.00000 1.00000 1.00000
   O1    O 0.16419 -0.16419 0.23615 1.00000 1.00000
   O2    O 0.15396 -0.15396 0.03384 1.00000 1.00000
   O3    O 0.00000 0.00000 0.09512 1.00000 1.00000
   O4    O 0.00000 0.00000 0.29520 1.00000 1.00000
   O5    O 0.00000 0.00000 0.50000 1.00000 1.00000
   K1    K 0.00000 0.00000 -0.17086 1.00000 0.31000
   K2    K 0.08717 -0.08717 -0.16784 1.00000 0.16000
Villiaumite
  2  0.000 0.06119 0.000000000 4.64000 4.64000 4.64000 90.0000 90.0000 90.0000 90.0000 0 1001 14.0000 0 0 0 0 0.3800 0 1.00000 1.00000 1.00000 0 0 0 0 0 0 0 0 0
   Na   Na 0.00000 0.00000 0.00000 1.00000 1.00000
    F    F 0.50000 0.50000 0.50000 1.00000 1.00000