SRfactor SZero SDispl STransp + C Wght ESU SF A B C Alpha Beta Gamma NA NB NC P1 P2 P3 U V W Z hh kk ll hk hl kl s1 s2 s3 s4 s5 s6
 5.241 0.02399 0.00000 0
alpha-Al2O3
  2  1.133 0.10114 0.000095540 4.76791 4.76791 13.03068 90.0000 90.0000 120.0000 45.0126 0 1001 14.0000 0 0 0 0 0.3500 0 1.00000 1.00000 1.00000 0 0 0 0 0 0 0 0 0
  Al1 Al+3 0.00000 0.00000 0.35231 0.41294 1.00000
   O1  O-2 0.69360 0.00000 0.25000 0.46190 1.00000
gamma-Al2O3
  4  2.450 0.12993 0.000060153 7.90686 7.90686 7.90686 90.0000 90.0000 90.0000 45.0012 0 1001 14.0000 0 0 0 0 0.2539 0 1.00000 1.00000 1.00000 0 0 0 0 0 0 0 0 0
   O1    O 0.25470 0.25470 0.25470 1.00000 1.00000
  Al1   Al 0.50000 0.50000 0.50000 0.50000 0.58000
  Al2   Al 0.12500 0.12500 0.12500 0.50000 0.84000
  Al3   Al 0.02720 0.02720 0.02720 0.50000 0.17000
Cryolite
  6 55.107 0.25039 0.007397815 5.41010 5.58649 9.45740 90.0000 124.7630 90.0000 182.0484 0 1001 14.0000 0 0 0 0 0.3997 0 1.02866 1.00000 1.00000 0 0 0 0 0 0 0 0 0
  Na1 Na+1 0.50000 0.00000 0.50000 1.75000 1.00000
  Al1 Al+3 0.00000 0.00000 0.00000 0.85000 1.00000
  Na2 Na+1 0.26787 0.44997 0.25472 1.76000 1.00000
   F1  F-1 0.11585 0.04629 0.21769 1.35000 1.00000
   F2  F-1 0.22513 0.73288 0.06060 1.20000 1.00000
   F3  F-1 0.31558 0.17427 0.04644 1.40000 1.00000
Chiolite
  7 30.760 0.20091 0.000856965 7.03576 7.03576 10.38985 90.0000 90.0000 90.0000 139.3408 0 1001 14.0000 0 0 0 0 0.4000 0 0.98467 1.00000 1.00000 0 0 0 0 0 0 0 0 0
  Na1 Na+1 0.00000 0.00000 0.50000 1.55000 1.00000
  Na2 Na+1 0.27700 0.77700 0.25000 1.70000 1.00000
  Al1 Al+3 0.00000 0.00000 0.00000 1.40000 1.00000
  Al2 Al+3 0.00000 0.50000 0.00000 0.88000 1.00000
   F1  F-1 0.00000 0.00000 0.17306 1.70000 1.00000
   F2  F-1 0.06267 0.24785 0.00000 1.70000 1.00000
   F3  F-1 0.17807 0.53569 0.11871 1.50000 1.00000
NaCa(AlF6)
 18  1.212 0.18329 0.000010583 8.79370 5.20526 20.30011 90.0000 91.4998 90.0000 30.0145 0 1001 14.0000 0 0 0 0 0.4000 0 1.00000 1.00000 1.00000 0 0 0 0 0 0 0 0 0
  Na1 Na+1 0.98678 0.24431 0.18715 2.20000 1.00000
  Na2 Na+1 0.95810 0.28340 0.45129 2.20000 1.00000
  Ca1 Ca+2 0.63030 0.22750 0.30081 0.85000 1.00000
  Ca2 Ca+2 0.62570 0.33182 0.57126 0.85000 1.00000
  Al1 Al+3 0.24880 0.24610 0.32890 1.67000 1.00000
  Al2 Al+3 0.24280 0.18030 0.57880 1.67000 1.00000
   F1  F-1 0.62900 0.62610 0.47770 1.46000 1.00000
   F2  F-1 0.58630 0.61370 0.63970 1.46000 1.00000
   F3  F-1 0.73380 0.08270 0.48240 1.46000 1.00000
   F4  F-1 0.38090 0.10030 0.26260 1.46000 1.00000
   F5  F-1 0.16250 -0.02470 0.63280 1.46000 1.00000
   F6  F-1 0.16430 0.43770 0.38140 1.46000 1.00000
   F7  F-1 0.23570 0.46690 0.62290 1.46000 1.00000
   F8  F-1 0.57860 0.59440 0.88210 1.46000 1.00000
   F9  F-1 0.91320 0.64040 0.22600 1.46000 1.00000
  F10  F-1 0.74030 0.02170 0.23070 1.46000 1.00000
  F11  F-1 0.75510 0.03340 0.62590 1.46000 1.00000
  F12  F-1 0.07480 0.27900 0.53980 1.46000 1.00000
Na2Ca3Al2F14
  6  4.538 0.11975 0.000028669 10.25125 10.25125 10.25125 90.0000 90.0000 90.0000 89.2502 0 1001 14.0000 0 0 0 0 0.4000 0 0.76040 1.00000 1.00000 0 0 0 0 0 0 0 0 0
  Ca1 Ca+2 0.46670 0.00000 0.25000 1.01704 1.00000
  Al1 Al+3 0.24820 0.24820 0.24820 1.49922 1.00000
  Na1 Na+1 0.08470 0.08470 0.08470 1.49844 1.00000
   F1  F-1 0.13870 0.30620 0.12060 0.76845 1.00000
   F2  F-1 0.36400 0.36270 0.18730 1.49922 1.00000
   F3  F-1 0.46140 0.46140 0.46140 1.49922 1.00000
Fluorite
  2  3.092 0.04042 0.000802344 5.46603 5.46603 5.46603 90.0000 90.0000 90.0000 78.8462 0 1001 14.0000 0 0 0 0 0.3800 0 1.00000 1.00000 1.00000 0 0 0 0 0 0 0 0 0
  Ca1 Ca+2 0.00000 0.00000 0.00000 0.57000 1.00000
   F1  F-1 0.25000 0.25000 0.25000 0.81000 1.00000
Weberite
  7  1.251 0.16398 0.000034901 7.07200 9.99181 7.29000 90.0000 90.0000 90.0000 151.0724 0 1001 14.0000 0 0 0 0 0.3500 0 0.90000 1.00000 1.00000 0 0 0 0 0 0 0 0 0
  Na1 Na+1 0.25000 0.25000 0.75000 1.00000 1.00000
  Na2 Na+1 0.00000 0.00000 0.00000 1.00000 1.00000
  Mg1 Mg+2 0.25000 0.25000 0.25000 1.00000 1.00000
  Al1 Al+3 0.00000 0.00000 0.50000 1.00000 1.00000
   F1  F-1 0.00000 0.25000 0.13620 1.00000 1.00000
   F2  F-1 0.00000 0.41440 0.72130 1.00000 1.00000
   F3  F-1 0.18450 0.38740 0.43040 1.00000 1.00000
Neighborite
  4  0.000 0.10132 0.000000003 5.49999 7.69000 5.38699 90.0000 90.0000 90.0000 349.7816 0 1001 14.0000 0 0 0 0 0.0865 0 1.00000 1.00000 1.00000 0 0 0 0 0 0 0 0 0
  Na1 Na+1 0.03975 0.25000 0.48800 1.76232 1.00000
  Mg1 Mg+2 0.00000 0.00000 0.00000 0.77457 1.00000
   F1  F-1 0.45470 0.25000 0.58705 3.75440 1.00000
   F2  F-1 0.29105 0.04897 0.21265 1.37148 1.00000
Elpasolite
  4  0.458 0.04887 0.000011729 8.11160 8.11160 8.11160 90.0000 90.0000 90.0000 66.4214 0 1001 14.0000 0 0 0 0 0.1960 0 1.00000 1.00000 1.00000 0 0 0 0 0 0 0 0 0
    K    K 0.25000 0.25000 0.25000 1.22383 1.00000
   Na   Na 0.50000 0.50000 0.50000 0.84484 1.00000
   Al   Al 0.00000 0.00000 0.00000 0.58428 1.00000
    F    F 0.22250 0.00000 0.00000 1.27910 1.00000
K1.58Al11O17
 11  0.000 0.08077 0.000000000 5.60833 5.60833 34.15308 90.0000 90.0000 120.0000 146.7178 0 1001 14.0000 0 0 0 0 0.0133 0 1.00000 1.00000 1.00000 0 0 0 0 0 0 0 0 0
  Al1   Al 0.16712 -0.16712 0.92980 1.00000 1.00000
  Al2   Al 0.00000 0.00000 0.34988 1.00000 1.00000
  Al3   Al 0.00000 0.00000 0.44935 1.00000 1.00000
  Al4   Al 0.00000 0.00000 0.00000 1.00000 1.00000
   O1    O 0.16419 -0.16419 0.23615 1.00000 1.00000
   O2    O 0.15396 -0.15396 0.03384 1.00000 1.00000
   O3    O 0.00000 0.00000 0.09512 1.00000 1.00000
   O4    O 0.00000 0.00000 0.29520 1.00000 1.00000
   O5    O 0.00000 0.00000 0.50000 1.00000 1.00000
   K1    K 0.00000 0.00000 -0.17086 1.00000 0.31000
   K2    K 0.08717 -0.08717 -0.16784 1.00000 0.16000
Villiaumite
  2  0.000 0.03294 0.000000000 4.63662 4.63662 4.63662 90.0000 90.0000 90.0000 165.0003 0 1001 14.0000 0 0 0 0 0.0069 0 1.00000 1.00000 1.00000 0 0 0 0 0 0 0 0 0
   Na   Na 0.00000 0.00000 0.00000 1.00000 1.00000
    F    F 0.50000 0.50000 0.50000 1.00000 1.00000