



10.000 0.0100 90.000
      362
      264
      330
      330
      356
      332
      338
      340
      358
      348
      332
      334
      374
      370
      378
      368
      306
      354
      374
      328
      326
      338
      340
      366
      358
      310
      338
      380
      336
      362
      352
      324
      350
      298
      340
      338
      342
      332
      338
      360
      348
      362
      366
      338
      322
      352
      334
      320
      328
      326
      332
      356
      330
      352
      322
      362
      316
      320
      350
      308
      366
      346
      348
      314
      350
      312
      362
      330
      358
      332
      326
      338
      354
      342
      348
      330
      298
      338
      366
      330
      342
      348
      332
      340
      342
      354
      366
      334
      340
      336
      354
      312
      332
      398
      320
      348
      336
      332
      334
      350
      350
      376
      358
      320
      342
      334
      364
      340
      338
      404
      316
      322
      338
      324
      346
      340
      372
      326
      394
      330
      328
      338
      352
      352
      362
      326
      340
      354
      310
      316
      368
      334
      356
      348
      360
      330
      322
      326
      352
      336
      340
      330
      332
      326
      388
      372
      336
      340
      346
      344
      338
      332
      346
      362
      326
      348
      372
      348
      352
      350
      340
      376
      404
      344
      356
      340
      374
      364
      326
      360
      372
      344
      354
      360
      334
      358
      356
      360
      336
      394
      364
      312
      336
      370
      354
      338
      368
      396
      386
      370
      374
      364
      372
      390
      366
      390
      382
      388
      398
      380
      360
      366
      366
      382
      386
      384
      408
      390
      374
      424
      444
      432
      422
      458
      446
      436
      442
      418
      448
      454
      472
      474
      478
      506
      458
      526
      506
      526
      466
      520
      572
      528
      524
      530
      528
      530
      472
      546
      574
      540
      478
      494
      518
      478
      474
      448
      462
      442
      468
      420
      458
      408
      384
      412
      418
      398
      370
      362
      390
      368
      352
      386
      370
      380
      382
      372
      342
      412
      380
      396
      386
      368
      374
      352
      340
      372
      362
      370
      370
      392
      344
      380
      378
      364
      412
      360
      354
      364
      342
      390
      314
      354
      354
      336
      344
      390
      346
      364
      392
      408
      386
      352
      354
      360
      374
      366
      358
      396
      368
      372
      384
      338
      372
      356
      390
      350
      374
      388
      380
      358
      386
      400
      316
      352
      386
      398
      376
      370
      380
      380
      356
      388
      392
      378
      422
      366
      376
      386
      396
      380
      382
      400
      394
      372
      410
      382
      360
      370
      372
      384
      388
      360
      414
      386
      412
      396
      374
      368
      388
      386
      402
      368
      412
      412
      418
      400
      438
      376
      388
      408
      388
      394
      374
      390
      392
      384
      368
      368
      398
      394
      388
      418
      410
      380
      410
      408
      426
      386
      390
      410
      408
      402
      404
      390
      416
      408
      404
      390
      406
      406
      402
      404
      426
      376
      424
      412
      372
      382
      382
      420
      420
      426
      388
      426
      414
      422
      422
      418
      400
      410
      408
      368
      434
      440
      412
      438
      432
      410
      394
      418
      420
      400
      404
      416
      396
      398
      438
      378
      436
      404
      418
      398
      426
      394
      454
      418
      398
      432
      432
      428
      438
      404
      420
      450
      440
      446
      432
      438
      444
      448
      424
      428
      442
      470
      440
      460
      436
      476
      452
      456
      442
      434
      450
      430
      428
      490
      470
      458
      454
      440
      446
      462
      458
      458
      478
      470
      486
      488
      500
      464
      498
      482
      462
      498
      516
      512
      534
      542
      530
      532
      522
      570
      502
      544
      546
      588
      548
      590
      592
      566
      578
      566
      640
      624
      678
      634
      676
      702
      650
      738
      778
      764
      728
      768
      814
      812
      838
      858
      928
      860
      872
      914
     1000
      900
      930
      962
      960
      898
      916
      838
      846
      870
      804
      732
      804
      748
      698
      664
      642
      670
      634
      608
      594
      608
      590
      558
      548
      528
      536
      494
      518
      516
      530
      514
      514
      518
      558
      518
      512
      466
      576
      514
      506
      520
      526
      476
      510
      484
      530
      526
      500
      508
      484
      490
      524
      530
      520
      482
      498
      512
      554
      476
      496
      488
      490
      470
      470
      512
      520
      550
      476
      560
      502
      556
      514
      526
      532
      524
      492
      546
      470
      554
      490
      532
      530
      534
      536
      542
      554
      530
      522
      508
      570
      568
      558
      540
      552
      556
      574
      514
      540
      496
      538
      572
      578
      538
      562
      546
      548
      570
      558
      566
      538
      534
      558
      540
      590
      558
      556
      576
      588
      598
      576
      518
      576
      602
      532
      562
      526
      490
      548
      552
      582
      588
      494
      624
      588
      556
      588
      620
      564
      624
      572
      588
      586
      576
      596
      582
      628
      630
      576
      668
      618
      624
      690
      642
      650
      692
      660
      628
      690
      708
      730
      650
      732
      744
      738
      822
      772
      800
      824
      828
      896
      936
      906
      930
      976
     1028
     1026
     1144
     1136
     1140
     1166
     1308
     1278
     1336
     1324
     1346
     1370
     1338
     1408
     1298
     1354
     1254
     1256
     1214
     1210
     1160
     1100
     1090
     1018
     1002
     1050
      998
      982
     1006
      984
      928
      946
      952
      808
      936
      910
      882
      846
      854
      872
      828
      792
      794
      814
      788
      744
      752
      754
      784
      756
      730
      678
      714
      682
      698
      740
      676
      710
      712
      696
      732
      730
      652
      690
      682
      718
      702
      712
      686
      722
      716
      678
      704
      664
      702
      758
      704
      750
      712
      688
      754
      772
      780
      766
      730
      780
      820
      792
      862
      798
      822
      814
      788
      764
      800
      782
      778
      748
      758
      730
      708
      734
      714
      676
      664
      648
      640
      680
      668
      640
      616
      638
      594
      622
      622
      620
      644
      608
      628
      606
      580
      606
      582
      610
      648
      584
      658
      598
      614
      604
      598
      580
      606
      628
      626
      582
      568
      614
      570
      588
      620
      626
      592
      604
      592
      594
      576
      620
      598
      616
      568
      612
      570
      616
      542
      646
      564
      620
      642
      636
      600
      610
      580
      572
      632
      564
      618
      638
      590
      596
      586
      594
      628
      584
      614
      570
      598
      638
      602
      606
      594
      584
      588
      568
      562
      622
      586
      590
      550
      548
      646
      628
      580
      570
      596
      604
      610
      586
      612
      628
      576
      618
      604
      582
      586
      580
      600
      610
      644
      636
      606
      624
      600
      598
      612
      604
      648
      638
      664
      678
      626
      684
      680
      650
      700
      710
      718
      714
      766
      802
      762
      786
      826
      826
      816
      848
      836
      928
      992
     1000
     1012
     1024
     1192
     1134
     1182
     1252
     1308
     1396
     1524
     1536
     1748
     1744
     1824
     1922
     2072
     2066
     2300
     2362
     2468
     2468
     2516
     2596
     2440
     2436
     2360
     2218
     2128
     2034
     1980
     1846
     1654
     1644
     1444
     1414
     1302
     1258
     1240
     1170
     1080
     1126
     1114
     1084
     1092
     1026
     1046
     1114
     1086
     1138
     1184
     1164
     1170
     1242
     1306
     1416
     1400
     1556
     1608
     1594
     1690
     1806
     1892
     1962
     1970
     1984
     2042
     2024
     1938
     2028
     1958
     1838
     1866
     1708
     1670
     1542
     1452
     1322
     1306
     1146
     1094
     1032
      912
      882
      834
      832
      824
      734
      716
      696
      696
      732
      694
      706
      670
      646
      630
      656
      610
      596
      588
      618
      566
      584
      546
      546
      568
      498
      572
      536
      544
      534
      502
      512
      526
      524
      492
      526
      490
      500
      506
      504
      496
      498
      532
      500
      524
      498
      484
      488
      456
      502
      478
      492
      470
      476
      454
      460
      502
      524
      456
      480
      460
      512
      464
      500
      498
      496
      556
      488
      542
      514
      518
      518
      490
      516
      526
      496
      602
      528
      592
      548
      564
      596
      656
      568
      632
      664
      650
      626
      666
      730
      724
      758
      760
      830
      878
      902
      922
      976
     1024
     1006
     1066
     1060
     1114
     1132
     1204
     1152
     1192
     1264
     1186
     1264
     1268
     1290
     1208
     1182
     1142
     1104
     1130
     1062
     1060
     1040
      942
      924
      866
      848
      820
      778
      692
      678
      714
      658
      638
      608
      624
      590
      548
      556
      548
      474
      482
      450
      502
      460
      472
      428
      438
      428
      444
      442
      434
      438
      432
      380
      434
      412
      392
      402
      424
      364
      422
      392
      400
      380
      406
      376
      342
      362
      398
      368
      416
      382
      374
      372
      378
      362
      370
      368
      388
      338
      382
      378
      384
      398
      338
      378
      398
      408
      372
      368
      368
      396
      384
      398
      348
      360
      338
      392
      392
      362
      356
      398
      376
      344
      336
      382
      336
      392
      384
      376
      396
      350
      398
      376
      402
      366
      376
      378
      386
      356
      406
      370
      402
      360
      430
      432
      402
      394
      390
      426
      456
      414
      432
      464
      430
      438
      484
      464
      458
      482
      514
      528
      542
      546
      572
      632
      674
      638
      682
      710
      768
      770
      902
      896
      994
     1056
     1080
     1216
     1264
     1458
     1490
     1582
     1806
     1834
     1986
     2214
     2310
     2454
     2642
     2748
     2856
     2908
     3018
     3072
     3118
     3056
     3110
     2980
     2876
     2718
     2678
     2622
     2324
     2088
     2002
     1856
     1706
     1542
     1366
     1330
     1196
     1068
     1012
      946
      900
      806
      734
      756
      678
      680
      668
      604
      594
      572
      574
      536
      528
      496
      534
      488
      466
      504
      478
      464
      430
      418
      440
      426
      428
      380
      376
      386
      420
      360
      366
      340
      374
      338
      366
      364
      328
      308
      322
      330
      306
      332
      316
      328
      342
      324
      314
      328
      310
      320
      320
      324
      328
      306
      324
      320
      308
      304
      326
      306
      320
      318
      340
      322
      334
      326
      342
      308
      292
      318
      332
      300
      288
      318
      350
      322
      304
      312
      322
      298
      332
      316
      300
      312
      314
      308
      276
      328
      306
      320
      320
      292
      300
      252
      298
      294
      310
      276
      324
      300
      274
      316
      274
      320
      304
      286
      320
      296
      336
      302
      322
      308
      326
      334
      362
      358
      336
      336
      364
      378
      344
      404
      368
      412
      360
      432
      384
      480
      464
      448
      442
      484
      480
      572
      526
      548
      638
      636
      674
      692
      690
      738
      746
      774
      764
      782
      766
      820
      786
      794
      836
      810
      830
      856
      796
      772
      780
      778
      696
      752
      692
      666
      614
      578
      666
      632
      606
      626
      592
      596
      572
      562
      588
      532
      526
      496
      496
      482
      466
      500
      466
      440
      446
      394
      428
      438
      366
      394
      416
      408
      364
      372
      410
      384
      352
      378
      388
      362
      368
      396
      380
      372
      408
      386
      374
      388
      368
      386
      420
      432
      394
      480
      450
      490
      490
      522
      484
      496
      520
      548
      604
      614
      572
      698
      636
      652
      696
      736
      664
      744
      766
      764
      752
      750
      750
      782
      768
      770
      818
      742
      808
      800
      806
      846
      852
      864
      890
      840
      948
      924
      966
      988
      988
      940
      950
      994
      928
      900
      864
      852
      776
      760
      710
      648
      650
      652
      598
      584
      562
      538
      488
      454
      440
      428
      392
      408
      374
      392
      348
      348
      334
      324
      326
      328
      348
      308
      320
      300
      286
      314
      294
      328
      278
      282
      302
      272
      288
      286
      296
      296
      282
      266
      290
      276
      286
      262
      270
      266
      286
      260
      262
      252
      260
      292
      254
      270
      258
      268
      270
      300
      270
      288
      306
      290
      274
      306
      290
      300
      290
      248
      284
      298
      330
      310
      328
      274
      310
      312
      302
      304
      294
      294
      324
      298
      312
      314
      318
      334
      296
      322
      326
      348
      360
      336
      334
      304
      306
      340
      334
      310
      364
      296
      344
      326
      348
      350
      302
      334
      348
      300
      296
      292
      278
      306
      318
      272
      286
      292
      288
      318
      272
      290
      274
      278
      256
      246
      266
      242
      266
      266
      266
      252
      272
      274
      254
      218
      268
      272
      280
      304
      258
      264
      278
      282
      276
      268
      282
      290
      270
      288
      290
      286
      292
      282
      336
      318
      286
      374
      346
      354
      344
      388
      412
      428
      422
      392
      458
      438
      466
      504
      496
      518
      524
      576
      580
      622
      646
      642
      660
      680
      686
      660
      732
      706
      694
      678
      704
      684
      688
      684
      664
      626
      604
      632
      626
      598
      574
      552
      578
      518
      536
      496
      454
      486
      444
      402
      400
      392
      426
      368
      354
      324
      354
      346
      324
      300
      312
      304
      318
      286
      304
      282
      308
      298
      266
      286
      268
      296
      250
      292
      280
      270
      236
      250
      270
      260
      264
      258
      248
      238
      268
      246
      242
      240
      224
      238
      238
      238
      254
      228
      204
      252
      250
      218
      202
      264
      212
      214
      210
      240
      226
      232
      240
      244
      222
      240
      256
      226
      224
      224
      250
      238
      238
      270
      270
      250
      244
      222
      258
      262
      250
      244
      224
      260
      254
      266
      222
      240
      254
      242
      248
      228
      248
      254
      272
      246
      264
      292
      250
      258
      268
      270
      286
      278
      272
      360
      292
      300
      250
      284
      278
      312
      274
      272
      262
      282
      274
      258
      260
      270
      264
      240
      264
      234
      214
      272
      232
      246
      278
      232
      220
      240
      246
      238
      244
      222
      228
      236
      238
      246
      250
      256
      236
      264
      272
      242
      250
      238
      240
      238
      224
      258
      228
      228
      258
      238
      246
      236
      258
      256
      244
      270
      262
      264
      266
      278
      284
      258
      258
      298
      292
      280
      280
      300
      306
      304
      312
      362
      352
      330
      334
      332
      362
      310
      348
      362
      382
      390
      392
      414
      436
      430
      468
      446
      506
      528
      540
      556
      568
      528
      582
      638
      640
      640
      622
      634
      606
      628
      644
      642
      586
      584
      538
      526
      504
      480
      478
      520
      466
      506
      454
      448
      456
      462
      394
      462
      464
      476
      448
      488
      486
      482
      574
      556
      512
      520
      548
      626
      590
      652
      658
      786
      788
      816
      858
      908
      926
      920
     1008
     1162
     1090
     1048
     1066
     1166
     1162
     1096
     1174
     1136
     1224
     1214
     1154
     1162
     1144
     1106
     1108
     1156
     1090
     1098
     1028
     1056
     1054
     1016
     1028
     1030
     1008
     1036
     1008
     1086
     1088
     1064
     1074
     1150
     1084
     1144
     1222
     1168
     1296
     1382
     1364
     1504
     1560
     1550
     1744
     1776
     1948
     1984
     2024
     2250
     2288
     2456
     2524
     2596
     2642
     2730
     2718
     2840
     2826
     2722
     2724
     2692
     2460
     2368
     2350
     2168
     2146
     2018
     1874
     1658
     1568
     1424
     1380
     1234
     1064
     1044
      970
      850
      792
      812
      758
      754
      662
      630
      604
      576
      542
      526
      504
      438
      478
      432
      436
      410
      400
      392
      352
      388
      330
      356
      336
      378
      358
      328
      324
      318
      268
      314
      314
      320
      306
      282
      270
      268
      264
      284
      280
      278
      270
      260
      276
      280
      248
      262
      232
      256
      258
      266
      284
      278
      286
      272
      240
      252
      252
      256
      268
      244
      242
      314
      272
      304
      308
      304
      284
      304
      310
      304
      314
      300
      362
      364
      324
      350
      348
      358
      398
      406
      402
      434
      462
      470
      502
      478
      542
      606
      578
      596
      678
      694
      750
      842
      882
      912
     1008
     1020
     1158
     1226
     1222
     1322
     1452
     1530
     1468
     1520
     1594
     1624
     1630
     1586
     1604
     1566
     1464
     1510
     1396
     1336
     1358
     1282
     1166
     1178
     1132
     1024
     1052
      918
      966
      858
      884
      892
      862
      866
      882
      932
      912
      914
      900
     1022
     1012
     1028
     1126
     1214
     1234
     1366
     1428
     1556
     1692
     1814
     1942
     2160
     2206
     2502
     2782
     2984
     3224
     3454
     3620
     3984
     4266
     4470
     4880
     5010
     5062
     5312
     5526
     5446
     5550
     5528
     5208
     5276
     5326
     4976
     4820
     4630
     4236
     4122
     3896
     3588
     3414
     3196
     2958
     2658
     2464
     2202
     2080
     1932
     1806
     1594
     1578
     1402
     1370
     1294
     1176
     1158
     1094
     1002
      948
      948
      940
      862
      920
      884
      902
      856
      820
      880
      836
      854
      940
      962
     1022
     1030
     1098
     1046
     1016
     1154
     1140
     1080
     1098
     1132
     1202
     1170
     1134
     1112
     1092
      986
      978
      936
      908
      834
      852
      806
      748
      706
      620
      640
      552
      540
      468
      482
      454
      468
      426
      396
      410
      382
      382
      338
      308
      332
      320
      318
      304
      284
      288
      314
      270
      270
      278
      262
      254
      252
      250
      224
      236
      252
      220
      218
      216
      230
      210
      238
      256
      208
      250
      250
      244
      228
      210
      248
      220
      222
      236
      200
      186
      232
      228
      228
      236
      228
      206
      210
      232
      218
      214
      200
      240
      224
      200
      244
      218
      234
      232
      230
      210
      222
      216
      224
      228
      216
      234
      208
      236
      216
      216
      222
      216
      204
      240
      228
      236
      210
      242
      208
      226
      220
      216
      260
      210
      232
      228
      236
      228
      240
      244
      232
      246
      238
      236
      244
      246
      254
      268
      274
      268
      302
      292
      296
      328
      334
      362
      308
      348
      334
      356
      370
      370
      370
      372
      396
      370
      406
      372
      342
      332
      376
      354
      352
      294
      362
      348
      338
      318
      336
      306
      298
      272
      264
      280
      262
      306
      286
      266
      258
      254
      288
      272
      268
      280
      240
      260
      290
      268
      286
      256
      246
      268
      282
      286
      280
      298
      304
      266
      292
      330
      296
      324
      294
      326
      366
      346
      342
      374
      348
      402
      392
      348
      376
      372
      400
      344
      354
      314
      332
      362
      314
      330
      282
      292
      288
      322
      318
      272
      322
      266
      260
      250
      264
      242
      256
      228
      260
      258
      206
      226
      264
      248
      230
      234
      262
      224
      218
      226
      240
      186
      254
      258
      220
      222
      262
      260
      258
      228
      242
      258
      226
      282
      218
      232
      246
      236
      242
      272
      260
      278
      238
      264
      268
      246
      264
      258
      256
      274
      292
      284
      276
      252
      268
      250
      274
      312
      286
      304
      256
      288
      300
      294
      332
      308
      306
      298
      314
      332
      340
      368
      376
      366
      386
      376
      428
      432
      432
      470
      482
      496
      528
      570
      570
      580
      634
      608
      668
      720
      690
      654
      700
      730
      694
      674
      680
      632
      678
      618
      600
      642
      596
      572
      556
      512
      478
      478
      460
      432
      406
      408
      394
      410
      360
      366
      370
      326
      350
      330
      366
      366
      334
      366
      308
      324
      312
      334
      316
      356
      334
      358
      370
      358
      364
      356
      392
      356
      382
      388
      424
      422
      460
      446
      442
      504
      548
      592
      606
      602
      640
      722
      772
      796
      850
      884
      992
     1004
     1090
     1134
     1288
     1274
     1284
     1358
     1386
     1452
     1428
     1386
     1424
     1480
     1386
     1376
     1404
     1304
     1224
     1198
     1136
     1154
     1158
     1028
      982
      974
      936
      848
      834
      786
      768
      752
      756
      692
      638
      664
      608
      584
      598
      578
      628
      600
      634
      578
      570
      524
      596
      544
      518
      528
      526
      510
      486
      482
      492
      476
      454
      466
      430
      466
      446
      438
      438
      392
      394
      378
      388
      398
      382
      372
      400
      430
      412
      418
      372
      390
      388
      414
      410
      380
      366
      402
      438
      388
      426
      392
      430
      444
      454
      454
      418
      452
      456
      480
      506
      522
      520
      536
      536
      542
      516
      624
      624
      640
      624
      688
      740
      736
      800
      816
      882
      928
      954
     1054
     1086
     1172
     1202
     1238
     1304
     1374
     1364
     1504
     1438
     1514
     1496
     1508
     1454
     1384
     1454
     1384
     1358
     1344
     1364
     1312
     1278
     1224
     1150
     1140
     1122
     1016
     1090
     1036
     1040
     1080
     1006
     1034
     1064
     1092
     1094
     1110
     1178
     1268
     1304
     1396
     1456
     1554
     1622
     1706
     1836
     1952
     2016
     2174
     2314
     2488
     2544
     2720
     2792
     2928
     2988
     2978
     3074
     3172
     3352
     3202
     3266
     3402
     3358
     3508
     3318
     3472
     3398
     3504
     3584
     3538
     3622
     3582
     3642
     3686
     3538
     3612
     3722
     3648
     3612
     3728
     3514
     3396
     3370
     3252
     3074
     3072
     2856
     2760
     2720
     2624
     2364
     2310
     2134
     2006
     1936
     1778
     1650
     1614
     1484
     1358
     1300
     1222
     1142
     1202
     1034
      970
     1010
      908
      932
      822
      852
      840
      806
      728
      790
      746
      770
      724
      732
      746
      676
      672
      700
      660
      662
      638
      682
      706
      704
      618
      652
      616
      654
      656
      648
      654
      618
      662
      692
      706
      686
      696
      700
      732
      692
      750
      720
      722
      742
      738
      800
      810
      786
      800
      772
      870
      906
      898
      910
      968
      958
      974
     1044
     1050
     1148
     1204
     1250
     1354
     1358
     1520
     1536
     1612
     1654
     1728
     1724
     1738
     1708
     1698
     1762
     1712
     1654
     1596
     1574
     1508
     1568
     1248
     1398
     1252
     1228
     1132
     1128
     1022
     1014
      930
      852
      804
      728
      744
      660
      668
      592
      618
      522
      514
      536
      544
      514
      532
      486
      466
      520
      478
      496
      458
      484
      476
      480
      458
      468
      460
      494
      464
      476
      488
      518
      498
      544
      518
      534
      526
      554
      568
      546
      544
      562
      522
      594
      544
      548
      584
      552
      592
      582
      568
      626
      604
      636
      652
      648
      674
      742
      736
      734
      848
      866
      828
      874
      932
      960
     1052
     1028
     1072
     1138
     1160
     1212
     1198
     1172
     1226
     1236
     1168
     1256
     1214
     1206
     1204
     1210
     1102
     1110
     1072
     1028
     1004
      942
      932
      900
      842
      786
      754
      726
      692
      650
      698
      662
      582
      594
      572
      502
      530
      538
      538
      508
      516
      480
      468
      466
      472
      462
      422
      494
      460
      478
      502
      480
      540
      516
      526
      522
      506
      574
      554
      562
      564
      620
      630
      636
      694
      676
      724
      712
      772
      730
      754
      796
      858
      844
      834
      818
      836
      908
      922
      918
      926
      956
      940
      956
      944
      938
      902
     1026
      922
      940
      958
      918
      988
      968
      960
      934
      944
      958
     1030
     1024
      986
      998
      982
      962
      998
     1058
      984
      974
     1022
      990
     1032
      950
      964
      948
      894
      958
      900
      904
      914
      968
      952
      912
      940
      978
     1028
     1012
     1064
     1136
     1138
     1168
     1270
     1222
     1212
     1276
     1362
     1316
     1402
     1406
     1436
     1396
     1398
     1390
     1306
     1278
     1340
     1328
     1276
     1142
     1094
     1032
      976
      992
      934
      946
      868
      830
      784
      712
      682
      678
      632
      604
      554
      546
      564
      508
      496
      456
      440
      454
      408
      432
      398
      400
      408
      382
      384
      368
      380
      348
      364
      362
      366
      328
      364
      342
      336
      336
      342
      314
      334
      346
      350
      314
      298
      330
      312
      312
      306
      322
      290
      318
      304
      316
      284
      266
      304
      292
      300
      310
      288
      306
      298
      318
      312
      284
      316
      302
      324
      314
      312
      340
      332
      322
      284
      320
      320
      350
      344
      326
      356
      378
      358
      356
      350
      400
      362
      376
      382
      418
      468
      412
      494
      426
      446
      482
      498
      530
      524
      578
      612
      630
      656
      760
      734
      840
      872
      932
      962
     1116
     1084
     1114
     1206
     1278
     1274
     1360
     1282
     1418
     1416
     1454
     1380
     1458
     1460
     1344
     1302
     1260
     1364
     1292
     1166
     1232
     1172
     1128
     1096
      986
      938
      924
      848
      858
      792
      746
      746
      692
      632
      616
      610
      562
      570
      574
      522
      452
      450
      444
      432
      438
      440
      420
      386
      424
      406
      446
      422
      412
      394
      414
      408
      416
      402
      412
      426
      462
      472
      470
      484
      528
      502
      516
      548
      528
      574
      498
      526
      552
      544
      546
      542
      524
      516
      564
      524
      492
      520
      486
      510
      458
      490
      488
      460
      434
      446
      404
      414
      388
      378
      408
      350
      332
      364
      386
      338
      348
      336
      328
      336
      336
      322
      318
      314
      330
      316
      348
      326
      324
      336
      322
      334
      314
      346
      352
      292
      322
      304
      344
      380
      340
      336
      322
      326
      316
      322
      322
      334
      288
      344
      356
      334
      352
      340
      352
      308
      292
      330
      334
      342
      346
      352
      332
      348
      294
      298
      352
      330
      332
      354
      346
      336
      354
      326
      340
      358
      384
      392
      346
      386
      366
      402
      426
      390
      416
      390
      434
      422
      444
      472
      476
      540
      494
      522
      572
      592
      654
      628
      670
      684
      720
      744
      774
      810
      806
      820
      882
      832
      902
      966
      884
      948
     1022
      982
     1030
     1030
     1062
     1062
     1042
     1144
     1074
     1136
     1120
     1206
     1194
     1204
     1228
     1230
     1166
     1198
     1190
     1204
     1158
     1222
     1192
     1140
     1212
     1100
     1108
     1116
     1058
     1046
     1014
     1056
     1056
      950
      936
      948
      920
      952
      880
      874
      808
      832
      850
      796
      782
      732
      704
      698
      676
      668
      644
      626
      590
      588
      598
      570
      560
      554
      508
      518
      490
      502
      490
      452
      478
      408
      432
      476
      492
      422
      440
      414
      404
      436
      444
      432
      482
      444
      440
      476
      426
      414
      392
      406
      428
      462
      446
      416
      466
      406
      426
      416
      406
      428
      420
      472
      438
      422
      398
      450
      432
      450
      442
      412
      448
      434
      404
      464
      464
      432
      458
      490
      448
      478
      536
      500
      522
      562
      518
      542
      556
      580
      570
      610
      668
      656
      712
      708
      736
      802
      816
      818
      880
      878
      950
      978
     1010
     1104
     1166
     1170
     1250
     1348
     1518
     1530
     1758
     1836
     1946
     2170
     2308
     2652
     2674
     3080
     3142
     3374
     3678
     3796
     4096
     4416
     4666
     4814
     5112
     5260
     5362
     5332
     5480
     5620
     5450
     5424
     5170
     5100
     4958
     4958
     4752
     4514
     4404
     4224
     3974
     3900
     3614
     3558
     3354
     3224
     2914
     2738
     2534
     2354
     2190
     1980
     1846
     1710
     1590
     1444
     1342
     1362
     1196
     1212
     1094
     1014
     1004
      918
      880
      842
      802
      738
      734
      686
      674
      648
      598
      600
      598
      574
      556
      542
      528
      494
      470
      456
      472
      438
      456
      436
      434
      452
      434
      390
      416
      414
      384
      398
      386
      366
      368
      414
      340
      402
      356
      370
      340
      378
      328
      368
      346
      374
      378
      346
      356
      328
      368
      354
      340
      346
      340
      398
      384
      386
      392
      340
      394
      342
      432
      410
      400
      454
      442
      440
      460
      482
      476
      496
      524
      522
      514
      592
      544
      616
      584
      588
      548
      628
      584
      546
      606
      544
      588
      606
      578
      538
      546
      540
      500
      552
      530
      488
      520
      510
      566
      530
      524
      492
      498
      550
      572
      552
      556
      558
      586
      596
      600
      600
      614
      602
      648
      638
      644
      652
      656
      636
      670
      646
      686
      622
      638
      606
      630
      630
      638
      634
      600
      606
      574
      624
      574
      638
      556
      574
      528
      556
      610
      568
      592
      570
      566
      590
      582
      646
      598
      632
      618
      592
      612
      620
      656
      662
      650
      646
      666
      626
      634
      630
      616
      612
      644
      630
      604
      664
      578
      604
      590
      590
      594
      564
      552
      520
      518
      566
      538
      536
      526
      450
      518
      448
      448
      444
      440
      432
      420
      362
      412
      372
      406
      392
      358
      376
      346
      366
      352
      348
      316
      324
      314
      306
      322
      298
      288
      272
      298
      288
      276
      274
      254
      248
      262
      246
      274
      264
      276
      258
      230
      256
      258
      272
      230
      234
      256
      234
      250
      246
      268
      234
      220
      258
      232
      240
      242
      254
      272
      264
      256
      252
      218
      264
      236
      256
      250
      240
      220
      248
      252
      248
      278
      236
      258
      252
      262
      278
      258
      230
      290
      232
      272
      270
      266
      242
      238
      284
      284
      254
      270
      260
      240
      252
      264
      266
      232
      258
      252
      278
      266
      276
      254
      270
      264
      294
      274
      272
      332
      326
      302
      320
      352
      304
      312
      344
      332
      364
      360
      376
      356
      400
      424
      408
      386
      492
      430
      418
      480
      486
      498
      524
      506
      516
      566
      606
      556
      574
      622
      684
      656
      650
      666
      628
      694
      734
      758
      716
      748
      740
      746
      720
      782
      762
      748
      740
      804
      746
      768
      746
      706
      738
      726
      732
      728
      726
      740
      716
      732
      730
      674
      698
      662
      698
      700
      688
      706
      684
      734
      726
      694
      780
      742
      722
      756
      716
      812
      800
      800
      902
      958
      952
      944
      984
      974
     1036
     1066
     1076
     1100
     1058
     1064
     1108
     1134
     1104
     1164
     1086
     1074
     1074
     1048
     1118
      998
     1060
      998
      974
      960
      920
      906
      902
      850
      820
      778
      796
      754
      712
      630
      614
      702
      644
      580
      614
      564
      608
      580
      532
      490
      554
      514
      550
      508
      500
      496
      524
      472
      470
      534
      502
      492
      544
      510
      540
      584
      596
      572
      544
      556
      554
      566
      566
      558
      572
      566
      598
      566
      568
      556
      526
      546
      532
      536
      500
      534
      582
      518
      532
      500
      564
      492
      538
      520
      528
      490
      524
      522
      536
      524
      588
      580
      586
      626
      654
      632
      686
      744
      758
      776
      800
      794
      826
      822
      786
      878
      874
      872
      866
      888
      934
      912
      930
      968
      920
      988
      906
      994
     1002
      992
     1022
      976
     1030
     1072
     1028
     1052
     1066
     1100
     1110
     1014
     1076
     1006
     1000
      998
      972
      912
      948
      920
      850
      834
      848
      774
      784
      774
      760
      732
      716
      676
      674
      622
      646
      662
      614
      644
      624
      606
      630
      602
      640
      638
      626
      666
      692
      688
      720
      694
      770
      796
      772
      858
      898
      886
      914
      926
     1006
      994
     1004
      988
     1046
     1010
     1040
     1090
     1098
      980
     1096
     1116
     1070
     1072
     1096
     1092
     1024
     1018
     1044
     1000
      966
      964
      860
      892
      826
      846
      830
      746
      780
      806
      754
      664
      682
      652
      630
      636
      668
      586
      592
      584
      548
      538
      536
      528
      566
      562
      542
      536
      572
      524
      586
      538
      546
      610
      618
      614
      752
      672
      728
      806
      810
      878
      904
      906
      924
     1020
     1102
     1082
     1190
     1168
     1190
     1194
     1202
     1316
     1188
     1204
     1142
     1244
     1226
     1078
     1112
     1066
     1092
     1030
     1060
      968
      924
      936
      916
      890
      846
      834
      812
      758
      678
      638
      618
      634
      600
      550
      598
      516
      498
      472
      470
      478
      454
      448
      426
      410
      450
      394
      390
      378
      364
      396
      350
      384
      410
      350
      336
      348
      362
      392
      394
      364
      342
      348
      358
      358
      312
      360
      334
      342
      306
      328
      328
      300
      296
      322
      310
      316
      312
      310
      322
      312
      286
      318
      314
      324
      316
      330
      312
      308
      326
      330
      336
      278
      294
      324
      264
      332
      306
      314
      320
      298
      314
      336
      302
      334
      308
      314
      326
      364
      330
      338
      344
      362
      352
      358
      372
      344
      406
      384
      362
      418
      384
      420
      400
      440
      442
      418
      442
      408
      454
      476
      476
      480
      502
      542
      524
      512
      560
      540
      572
      586
      592
      582
      546
      592
      610
      624
      620
      596
      642
      704
      688
      666
      706
      644
      648
      684
      658
      714
      614
      672
      680
      624
      612
      660
      658
      590
      570
      594
      576
      534
      588
      552
      568
      578
      564
      530
      588
      478
      526
      522
      556
      494
      526
      482
      496
      520
      496
      474
      496
      518
      542
      498
      536
      492
      528
      568
      550
      500
      502
      518
      506
      520
      510
      512
      492
      526
      562
      526
      522
      530
      524
      516
      458
      536
      456
      494
      494
      534
      468
      450
      472
      474
      420
      460
      458
      436
      420
      404
      450
      414
      416
      412
      374
      382
      398
      366
      392
      356
      368
      392
      312
      366
      324
      344
      320
      322
      324
      330
      308
      318
      294
      300
      326
      304
      286
      258
      262
      276
      252
      268
      240
      266
      290
      248
      258
      262
      252
      240
      244
      220
      228
      264
      268
      234
      234
      258
      248
      230
      228
      224
      226
      224
      242
      216
      224
      214
      234
      220
      230
      224
      212
      230
      220
      242
      226
      204
      224
      252
      210
      222
      248
      248
      216
      256
      232
      218
      222
      212
      214
      234
      236
      234
      230
      232
      230
      220
      210
      244
      222
      246
      256
      246
      236
      240
      238
      212
      248
      230
      226
      246
      260
      232
      258
      264
      250
      246
      240
      222
      280
      274
      244
      250
      264
      282
      282
      242
      266
      250
      284
      284
      306
      324
      312
      302
      308
      308
      304
      322
      340
      330
      326
      388
      434
      368
      370
      360
      376
      380
      370
      414
      396
      386
      372
      402
      396
      370
      418
      428
      368
      426
      388
      384
      410
      384
      426
      430
      402
      432
      430
      420
      412
      440
      454
      434
      476
      490
      534
      516
      562
      592
      616
      648
      690
      738
      776
      774
      852
      878
      888
      930
      984
     1018
     1050
     1142
     1192
     1214
     1148
     1236
     1128
     1160
     1146
     1170
     1242
     1206
     1138
     1138
     1060
     1118
     1104
     1060
     1048
     1102
     1064
     1034
     1082
     1020
     1100
     1032
     1000
     1002
      962
     1012
     1002
     1010
     1002
     1058
      990
     1082
     1074
     1056
     1054
     1122
     1120
     1058
     1106
     1192
     1150
     1100
     1108
     1118
     1084
     1074
     1078
      988
     1004
     1012
      964
      952
      846
      868
      808
      846
      800
      768
      744
      744
      684
      700
      718
      660
      662
      592
      604
      526
      526
      538
      528
      500
      526
      528
      514
      488
      496
      476
      476
      522
      506
      504
      490
      554
      526
      542
      506
      538
      576
      560
      598
      588
      610
      626
      648
      688
      736
      726
      722
      758
      808
      838
      862
      922
      936
     1014
      988
      994
     1038
     1078
     1078
     1174
     1192
     1168
     1254
     1364
     1368
     1382
     1388
     1528
     1482
     1470
     1548
     1596
     1668
     1746
     1690
     1732
     1836
     1914
     1902
     1878
     1988
     1994
     2000
     2084
     2112
     2142
     2130
     2122
     2186
     2114
     2064
     2080
     2174
     2084
     1962
     1978
     1926
     1860
     1776
     1896
     1696
     1698
     1682
     1682
     1582
     1498
     1432
     1400
     1322
     1394
     1232
     1198
     1170
     1098
     1032
     1012
      970
      938
      866
      864
      752
      786
      752
      704
      662
      634
      670
      610
      640
      616
      588
      620
      584
      566
      618
      534
      540
      588
      560
      572
      566
      614
      610
      630
      686
      718
      678
      686
      656
      726
      716
      680
      744
      784
      788
      770
      804
      778
      826
      772
      830
      748
      734
      802
      752
      810
      766
      798
      790
      762
      672
      682
      718
      724
      710
      650
      694
      668
      630
      648
      624
      632
      648
      614
      628
      624
      588
      562
      570
      550
      520
      514
      498
      494
      506
      546
      502
      478
      506
      524
      484
      452
      504
      474
      428
      460
      434
      410
      460
      420
      426
      382
      416
      414
      424
      370
      402
      374
      356
      370
      382
      362
      362
      382
      384
      352
      368
      370
      334
      350
      312
      316
      332
      328
      310
      302
      306
      332
      312
      306
      304
      282
      316
      312
      278
      312
      292
      278
      276
      286
      288
      290
      284
      274
      300
      326
      296
      250
      298
      256
      282
      282
      252
      298
      268
      302
      268
      284
      268
      268
      252
      284
      268
      280
      290
      294
      256
      270
      262
      278
      258
      266
      252
      302
      282
      270
      290
      280
      296
      280
      268
      268
      254
      250
      286
      274
      288
      280
      340
      322
      278
      332
      294
      342
      314
      310
      330
      348
      332
      330
      332
      402
      370
      370
      434
      360
      392
      404
      436
      444
      472
      448
      432
      424
      472
      430
      476
      458
      462
      462
      522
      492
      494
      476
      464
      468
      464
      440
      480
      466
      466
      500
      500
      494
      458
      448
      510
      508
      484
      466
      496
      502
      550
      502
      506
      548
      572
      526
      584
      542
      534
      562
      538
      620
      598
      610
      588
      576
      674
      676
      670
      658
      656
      722
      666
      720
      732
      692
      708
      698
      738
      706
      714
      716
      688
      720
      688
      668
      670
      682
      724
      670
      664
      638
      634
      668
      624
      622
      580
      602
      612
      558
      530
      548
      544
      540
      504
      532
      510
      474
      464
      484
      462
      512
      452
      486
      448
      462
      466
      500
      462
      424
      416
      464
      404
      432
      458
      426
      472
      438
      426
      416
      430
      398
      372
      384
      422
      406
      406
      360
      368
      374
      422
      370
      358
      398
      366
      382
      368
      346
      360
      352
      350
      338
      344
      342
      328
      328
      344
      322
      304
      328
      332
      290
      304
      312
      272
      308
      292
      266
      306
      282
      310
      292
      262
      276
      284
      262
      278
      270
      270
      276
      268
      256
      274
      252
      266
      258
      286
      262
      252
      230
      288
      264
      238
      272
      230
      266
      254
      252
      220
      274
      246
      254
      198
      240
      228
      262
      232
      222
      180
      230
      242
      228
      226
      216
      226
      214
      208
      240
      212
      212
      210
      212
      194
      208
      204
      212
      198
      210
      194
      204
      190
      196
      192
      184
      202
      198
      198
      204
      194
      192
      182
      198
      218
      212
      182
      206
      208
      210
      182
      212
      184
      216
      206
      210
      196
      210
      200
      224
      196
      232
      204
      226
      202
      228
      228
      196
      222
      212
      226
      246
      234
      238
      242
      250
      264
      234
      268
      244
      276
      288
      284
      286
      308
      324
      288
      290
      340
      336
      378
      380
      368
      382
      394
      420
      440
      432
      454
      486
      466
      486
      454
      486
      478
      482
      474
      468
      470
      418
      444
      462
      460
      454
      448
      422
      414
      378
      418
      400
      388
      380
      376
      442
      342
      338
      402
      346
      334
      318
      364
      294
      350
      344
      304
      290
      318
      252
      250
      256
      234
      254
      246
      268
      242
      224
      234
      206
      244
      222
      216
      208
      222
      234
      230
      218
      206
      218
      188
      200
      200
      212
      208
      174
      204
      186
      194
      194
      182
      220
      222
      210
      164
      186
      172
      196
      176
      170
      176
      196
      166
      180
      192
      196
      200
      180
      170
      186
      194
      180
      202
      186
      184
      182
      174
      208
      184
      190
      194
      190
      190
      180
      186
      206
      162
      200
      170
      170
      182
      218
      208
      186
      212
      210
      222
      198
      220
      238
      228
      254
      224
      224
      240
      226
      254
      242
      256
      246
      256
      256
      282
      262
      296
      328
      298
      258
      310
      340
      298
      340
      340
      352
      324
      340
      324
      340
      296
      320
      366
      316
      296
      348
      328
      292
      312
      312
      308
      290
      278
      312
      284
      280
      278
      262
      298
      276
      278
      282
      288
      256
      282
      248
      256
      254
      288
      270
      284
      248
      248
      240
      240
      214
      246
      260
      250
      208
      240
      248
      258
      216
      234
      208
      218
      226
      224
      206
      202
      206
      216
      220
      226
      204
      190
      190
      222
      214
      196
      182
      186
      210
      204
      202
      208
      212
      186
      158
      192
      186
      180
      182
      204
      188
      190
      188
      196
      186
      186
      178
      182
      178
      220
      178
      176
      184
      190
      210
      192
      222
      186
      196
      200
      220
      218
      198
      198
      208
      208
      228
      198
      256
      216
      238
      244
      252
      248
      230
      264
      244
      256
      258
      240
      268
      248
      262
      270
      250
      246
      268
      246
      272
      250
      280
      266
      304
      296
      318
      284
      284
      302
      306
      314
      298
      326
      282
      322
      322
      344
      366
      336
      376
      360
      380
      400
      418
      410
      436
      412
      454
      426
      428
      468
      448
      496
      462
      456
      432
      470
      446
      468
      446
      452
      440
      436
      484
      468
      470
      428
      452
      456
      434
      420
      436
      424
      394
      390
      404
      428
      378
      372
      352
      392
      360
      358
      338
      336
      354
      338
      340
      328
      306
      282
      332
      278
      292
      286
      256
      308
      272
      250
      246
      276
      262
      270
      256
      250
      268
      214
      236
      242
      238
      220
      212
      264
      254
      206
      260
      242
      220
      208
      210
      218
      236
      234
      224
      198
      242
      226
      232
      210
      216
      244
      240
      208
      240
      232
      234
      244
      270
      280
      224
      268
      252
      248
      230
      252
      248
      256
      278
      314
      304
      292
      316
      338
      306
      348
      374
      362
      348
      392
      418
      428
      444
      456
      518
      524
      556
      586
      596
      608
      658
      678
      664
      726
      742
      702
      744
      816
      808
      840
      786
      838
      788
      802
      786
      848
      820
      748
      826
      800
      838
      812
      776
      840
      782
      814
      784
      758
      746
      638
      676
      684
      690
      670
      654
      576
      604
      546
      542
      572
      514
      512
      492
      484
      492
      448
      436
      410
      414
      390
      368
      404
      394
      368
      332
      326
      332
      336
      330
      296
      308
      326
      314
      288
      288
      248
      292
      300
      288
      280
      238
      244
      264
      244
      270
      264
      240
      254
      240
      248
      244
      220
      258
      276
      236
      248
      228
      240
      226
      232
      258
      228
      242
      234
      230
      228
      212
      256
      234
      254
      282
      230
      238
      242
      202
      230
      246
      260
      252
      280
      250
      286
      270
      282
      278
      272
      288
      312
      302
      290
      324
      352
      328
      300
      336
      302
      350
      372
      406
      370
      352
      406
      402
      382
      402
      418
      380
      388
      378
      410
      366
      384
      394
      372
      360
      340
      390
      372
      326
      340
      350
      340
      326
      330
      320
      310
      320
      318
      296
      302
      288
      300
      284
      268
      266
      248
      262
      272
      268
      250
      244
      240
      260
      244
      238
      246
      270
      226
      242
      236
      244
      256
      250
      252
      234
      252
      238
      240
      228
      264
      252
      256
      230
      242
      244
      234
      244
      222
      254
      218
      222
      244
      226
      224
      222
      210
      218
      210
      244
      236
      218
      210
      200
      188
      234
      194
      184
      214
      224
      186
      192
      204
      168
      228
      172
      206
      204
      196
      176
      182
      170
      168
      194
      202
      170
      200
      190
      182
      186
      194
      180
      192
      210
      178
      178
      186
      174
      178
      188
      178
      176
      174
      192
      186
      234
      176
      224
      160
      182
      170
      178
      202
      188
      190
      188
      210
      182
      174
      188
      168
      194
      210
      182
      194
      166
      192
      162
      184
      172
      146
      168
      166
      174
      188
      206
      180
      158
      178
      172
      182
      168
      166
      158
      158
      182
      164
      160
      164
      214
      186
      182
      200
      186
      174
      180
      182
      156
      200
      156
      160
      176
      180
      212
      176
      196
      200
      186
      198
      238
      206
      218
      224
      252
      230
      268
      240
      272
      284
      270
      290
      288
      312
      304
      324
      306
      346
      364
      364
      360
      392
      404
      438
      382
      414
      424
      418
      438
      432
      424
      438
      410
      390
      440
      444
      412
      422
      424
      410
      472
      408
      416
      444
      392
      418
      380
      396
      436
      376
      424
      376
      382
      422
      414
      354
      358
      346
      352
      358
      396
      326
      374
      360
      340
      380
      312
      340
      340
      334
      348
      332
      308
      308
      314
      322
      344
      328
      342
      312
      298
      272
      308
      304
      302
      286
      310
      326
      312
      334
      294
      296
      318
      332
      288
      324
      334
      308
      316
      322
      356
      342
      364
      388
      364
      360
      376
      358
      346
      324
      344
      338
      322
      338
      340
      344
      358
      332
      342
      356
      378
      324
      380
      324
      304
      336
      334
      308
      320
      352
      344
      324
      332
      324
      366
      348
      322
      342
      354
      318
      320
      314
      330
      304
      326
      344
      340
      334
      352
      322
      350
      320
      328
      336
      310
      302
      382
      280
      306
      292
      340
      354
      306
      306
      320
      272
      306
      266
      318
      302
      302
      296
      304
      276
      278
      278
      280
      274
      268
      258
      260
      240
      272
      276
      246
      282
      230
      288
      282
      244
      278
      262
      246
      216
      218
      252
      248
      230
      230
      244
      230
      230
      228
      224
      208
      208
      198
      206
      198
      206
      204
      200
      182
      210
      192
      198
      192
      190
      196
      204
      176
      218
      202
      192
      198
      160
      194
      180
      174
      192
      182
      158
      160
      156
      156
      166
      188
      186
      178
      190
      208
      170
      188
      196
      186
      188
      160
      182
      164
      184
      160
      174
      180
      192
      150
      180
      184
      170
      188
      182
      204
      220
      170
      176
      170
      188
      182
      204
      202
      176
      184
      188
      194
      188
      188
      186
      226
      222
      222
      174
      222
      218
      204
      228
      214
      232
      216
      238
      216
      240
      230
      248
      254
      218
      220
      222
      230
      232
      198
      224
      226
      198
      196
      222
      210
      210
      208
      214
      208
      200
      194
      192
      196
      190
      200
      200
      196
      184
      202
      214
      200
      220
      204
      176
      212
      180
      198
      182
      160
      174
      170
      180
      194
      172
      182
      174
      178
      158
      130
      184
      172
      162
      154
      168
      138
      164
      170
      154
      154
      138
      176
      156
      174
      170
      168
      146
      178
      160
      152
      164
      162
      168
      148
      150
      150
      150
      138
      138
      142
      156
      152
      174
      152
      144
      150
      172
      176
      150
      176
      156
      170
      142
      166
      166
      158
      172
      174
      160
      160
      166
      176
      166
      168
      144
      158
      130
      172
      158
      170
      168
      172
      160
      150
      146
      144
      180
      166
      166
      170
      164
      166
      178
      180
      134
      186
      184
      164
      188
      194
      170
      166
      168
      168
      170
      180
      170
      170
      166
      172
      172
      192
      178
      174
      158
      192
      192
      182
      186
      166
      176
      168
      168
      176
      206
      162
      164
      178
      170
      184
      166
      192
      206
      174
      196
      178
      164
      210
      176
      184
      168
      174
      196
      170
      168
      158
      172
      174
      194
      180
      180
      192
      174
      190
      174
      182
      160
      190
      206
      150
      158
      186
      186
      168
      174
      176
      182
      184
      192
      180
      214
      172
      174
      168
      174
      184
      204
      182
      182
      216
      204
      184
      170
      226
      182
      188
      222
      230
      204
      224
      214
      218
      216
      232
      256
      220
      256
      224
      254
      212
      228
      236
      234
      246
      272
      236
      266
      246
      272
      260
      274
      260
      276
      316
      266
      286
      288
      310
      284
      316
      270
      258
      288
      312
      314
      298
      280
      288
      290
      296
      298
      300
      300
      310
      292
      280
      288
      312
      266
      294
      244
      300
      286
      258
      286
      292
      268
      254
      266
      274
      264
      286
      278
      286
      260
      242
      264
      246
      242
      266
      216
      242
      216
      232
      232
      266
      232
      236
      240
      216
      226
      228
      230
      244
      256
      228
      228
      244
      232
      230
      242
      252
      242
      250
      236
      262
      240
      270
      258
      268
      294
      278
      288
      272
      282
      272
      278
      334
      298
      364
      354
      356
      380
      358
      372
      422
      402
      410
      406
      432
      478
      488
      494
      506
      508
      494
      570
      556
      464
      542
      604
      606
      538
      544
      570
      566
      568
      594
      562
      548
      560
      592
      510
      526
      524
      568
      520
      492
      522
      510
      536
      496
      510
      438
      456
      434
      452
      440
      474
      426
      402
      396
      442
      418
      334
      404
      376
      368
      348
      318
      310
      314
      316
      332
      312
      300
      306
      294
      284
      288
      272
      266
      276
      246
      252
      248
      240
      226
      242
      260
      244
      242
      246
      270
      258
      236
      220
      238
      278
      222
      246
      264
      232
      244
      266
      228
      228
      258
      250
      230
      256
      266
      260
      290
      250
      258
      262
      254
      280
      298
      258
      260
      280
      296
      294
      302
      280
      256
      306
      288
      270
      312
      316
      328
      316
      298
      322
      308
      310
      304
      292
      298
      290
      316
      278
      330
      300
      292
      292
      262
      266
      310
      300
      274
      272
      260
      264
      234
      246
      256
      252
      254
      266
      248
      240
      226
      224
      256
      230
      226
      236
      244
      194
      210
      204
      196
      242
      210
      210
      196
      198
      204
      184
      198
      210
      190
      178
      184
      190
      204
      194
      168
      188
      196
      188
      176
      188
      184
      188
      164
      198
      204
      188
      178
      180
      182
      180
      186
      196
      192
      190
      190
      172
      162
      180
      160
      186
      158
      186
      182
      214
      180
      190
      212
      184
      206
      200
      218
      192
      192
      188
      208
      196
      176
      208
      212
      178
      190
      202
      192
      200
      188
      180
      218
      226
      202
      196
      184
      186
      172
      194
      180
      188
      210
      182
      202
      194
      182
      166
      192
      220
      178
      212
      170
      180
      212
      174
      216
      182
      156
      186
      182
      182
      170
      170
      170
      176
      166
      188
      180
      196
      148
      192
      160
      160
      198
      188
      174
      168
      184
      178
      220
      188
      180
      180
      172
      196
      180
      212
      186
      192
      202
      214
      226
      196
      178
      174
      198
      174
      200
      186
      178
      188
      196
      194
      182
      192
      192
      198
      206
      174
      190
      208
      188
      178
      174
      196
      206
      190
      214
      188
      184
      196
      178
      180
      182
      190
      198
      166
      202
      168
      166
      164
      174
      174
      150
      164
      164
      190
      180
      164
      188
      146
      196
      176
      142
      158
      172
      162
      150
      160
      182
      172
      166
      192
      138
      194
      168
      162
      170
      170
      164
      146
      166
      172
      186
      182
      174
      164
      154
      186
      168
      176
      194
      184
      162
      184
      176
      160
      186
      190
      168
      196
      200
      188
      184
      194
      190
      174
      200
      206
      190
      180
      202
      210
      204
      190
      194
      178
      172
      212
      184
      196
      184
      210
      190
      184
      166
      176
      196
      198
      172
      178
      204
      198
      208
      190
      190
      196
      198
      210
      178
      176
      186
      194
      170
      196
      174
      184
      216
      178
      184
      192
      182
      194
      178
      174
      210
      202
      200
      190
      178
      190
      188
      214
      196
      192
      216
      206
      202
      224
      206
      206
      182
      184
      216
      180
      200
      202
      186
      204
      188
      192
      214
      220
      212
      196
      220
      206
      216
      208
      230
      232
      246
      230
      188
      238
      234
      240
      238
      228
      230
      210
      222
      252
      210
      250
      256
      224
      244
      248
      248
      244
      272
      250
      238
      252
      252
      236
      270
      256
      248
      224
      246
      248
      268
      256
      252
      286
      270
      252
      244
      264
      290
      270
      266
      270
      282
      276
      320
      264
      314
      280
      320
      310
      322
      330
      318
      356
      318
      348
      314
      348
      352
      316
      338
      374
      368
      372
      348
      394
      358
      410
      394
      366
      418
      386
      376
      352
      388
      458
      440
      372
      426
      456
      388
      394
      398
      406
      418
      426
      372
      374
      438
      366
      400
      356
      392
      408
      360
      368
      368
      388
      352
      400
      338
      366
      368
      374
      354
      348
      356
      308
      318
      344
      330
      332
      336
      320
      338
      314
      328
      318
      304
      340
      312
      294
      308
      270
      310
      280
      262
      274
      274
      258
      236
      244
      268
      234
      270
      222
      250
      220
      238
      228
      240
      220
      252
      222
      230
      216
      246
      218
      226
      224
      216
      232
      208
      216
      228
      222
      216
      224
      208
      228
      208
      226
      230
      220
      194
      230
      216
      204
      188
      186
      206
      202
      216
      186
      210
      206
      214
      192
      204
      176
      208
      204
      202
      222
      202
      230
      224
      210
      200
      226
      202
      212
      222
      220
      252
      196
      224
      226
      220
      186
      184
      202
      180
      192
      200
      182
      214
      206
      196
      206
      216
      248
      210
      204
      224
      196
      202
      192
      190
      196
      186
      204
      184
      208
      218
      182
      168
      220
      202
      158
      200
      178
      192
      188
      202
      198
      206
      190
      194
      206
      196
      178
      168
      180
      196
      186
      206
      194
      166
      190
      178
      176
      190
      178
      162
      174
      174
      168
      162
      194
      170
      162
      206
      160
      154
      194
      172
      184
      188
      170
      166
      176
      186
      166
      190
      188
      198
      178
      200
      154
      174
      192
      166
      152
      190
      154
      170
      180
      154
      190
      182
      162
      176
      166
      152
      160
      170
      170
      194
      186
      142
      192
      168
      180
      158
      168
      194
      178
      166
      166
      174
      176
      192
      168
      196
      186
      192
      188
      180
      182
      186
      172
      198
      196
      200
      190
      206
      212
      218
      192
      224
      212
      200
      214
      204
      216
      218
      216
      208
      210
      212
      208
      202
      204
      200
      196
      188
      208
      212
      214
      190
      172
      188
      206
      182
      182
      196
      178
      206
      186
      212
      202
      176
      204
      168
      156
      214
      180
      180
      160
      170
      170
      186
      184
      170
      164
      170
      170
      156
      170
      166
      168
      156
      156
      162
      164
      180
      156
      158
      164
      172
      176
      174
      156
      156
      164
      156
      152
      146
      134
      160
      158
      166
      160
      148
      170
      156
      178
      152
      162
      166
      134
      172
      176
      170
      150
      158
      156
      182
      148
      164
      182
      154
      160
      154
      168
      144
      144
      168
      168
      174
      176
      142
      174
      172
      172
      170
      166
      166
      170
      200
      142
      160
      174
      180
      180
      188
      196
      180
      180
      190
      182
      178
      170
      200
      220
      212
      186
      198
      186
      194
      208
      196
      204
      210
      190
      222
      214
      218
      204
      234
      254
      256
      206
      224
      220
      240
      248
      238
      262
      222
      258
      244
      230
      254
      224
      244
      228
      228
      228
      254
      238
      222
      234
      248
      226
      212
      238
      218
      222
      216
      224
      230
      200
      226
      192
      200
      210
      212
      200
      226
      220
      196
      202
      206
      214
      182
      220
      200
      176
      142
      192
      208
      178
      180
      228
      196
      162
      190
      180
      164
      198
      210
      208
      198
      200
      166
      182
      198
      182
      202
      188
      180
      216
      214
      204
      202
      214
      200
      226
      202
      220
      232
      260
      266
      202
      222
      254
      230
      260
      232
      256
      258
      254
      270
      272
      262
      246
      236
      284
      264
      256
      238
      222
      266
      302
      278
      264
      254
      252
      288
      262
      310
      266
      278
      266
      284
      266
      272
      284
      286
      282
      266
      282
      296
      292
      276
      264
      262
      254
      228
      280
      238
      284
      250
      256
      264
      272
      246
      242
      254
      248
      256
      242
      268
      222
      270
      216
      232
      214
      212
      214
      260
      224
      238
      248
      220
      232
      240
      208
      248
      254
      240
      246
      224
      230
      220
      234
      232
      242
      246
      242
      236
      236
      246
      234
      250
      222
      248
      228
      218
      244
      208
      230
      214
      234
      202
      238
      208
      260
      202
      206
      218
      212
      212
      228
      212
      206
      192
      226
      218
      218
      178
      208
      204
      176
      216
      184
      208
      192
      204
      212
      176
      170
      192
      206
      210
      174
      180
      178
      178
      180
      170
      174
      184
      184
      192
      188
      184
      170
      180
      162
      146
      186
      172
      190
      174
      196
      170
      174
      180
      172
      172
      200
      200
      204
      184
      198
      174
      184
      166
      166
      172
      172
      186
      200
      166
      184
      190
      184
      162
      166
      172
      178
      192
      190
      156
      162
      184
      180
      202
      172
      178
      192
      188
      166
      168
      172
      184
      170
      200
      198
      178
      180
      196
      176
      188
      192
      190
      160
      200
      164
      168
      182
      194
      208
      210
      208
      214
