SRfactor SZero SDispl STransp + C Wght ESU SF A B C Alpha Beta Gamma NA NB NC P1 P2 P3 U V W Z hh kk ll hk hl kl s1 s2 s3 s4 s5 s6
13.140 0.02452 0.00000 0
Al2O3
  2  5.299 0.14959 0.000344614 4.75974 4.75974 12.99309 90.0000 90.0000 120.0000 145.6685 0 1001 17.0000 0 0 0 0 0.0014 0 1.00000 1.00000 1.00000 0 0 0 0 0 0 0 0 0
  Al1 Al+3 0.00000 0.00000 0.35247 1.00000 1.00000
   O1  O-2 0.30606 0.00000 0.25000 1.00000 1.00000
ZnO
  2 93.300 0.15611 0.122042554 3.25003 3.25003 5.20709 90.0000 90.0000 120.0000 145.7263 0 1001 17.0000 0 0 0 0 0.0028 0 1.00000 1.00000 1.00000 0 0 0 0 0 0 0 0 0
   Zn   Zn 0.33333 0.66667 0.50000 1.00000 1.00000
    O    O 0.33333 0.66667 0.87877 1.00000 1.00000
CaF2
  2  1.401 0.05394 0.000278859 5.46415 5.46415 5.46415 90.0000 90.0000 90.0000 182.0868 0 1001 17.0000 0 0 0 0 0.0555 0 1.00000 1.00000 1.00000 0 0 0 0 0 0 0 0 0
  Ca1 Ca+2 0.00000 0.00000 0.00000 1.00000 1.00000
   F1  F-1 0.25000 0.25000 0.25000 1.00000 1.00000