SRfactor SZero SDispl STransp + C Wght ESU SF A B C Alpha Beta Gamma NA NB NC P1 P2 P3 U V W Z hh kk ll hk hl kl s1 s2 s3 s4 s5 s6
13.212 0.00825 0.00000 0
Al2O3
  2 58.515 0.11205 0.003652408 4.75933 4.75933 12.99260 90.0000 90.0000 120.0000 134.3270 0 1001 17.0000 0 0 0 0 0.0010 0 1.00000 1.00000 1.00000 0 0 0 0 0 0 0 0 0
  Al1 Al+3 0.00000 0.00000 0.35203 1.00000 1.00000
   O1  O-2 0.30800 0.00000 0.25000 1.00000 1.00000
ZnO
  2 14.063 0.06135 0.017655993 3.24986 3.24986 5.20675 90.0000 90.0000 120.0000 146.6158 0 1001 17.0000 0 0 0 0 0.0011 0 1.00000 1.00000 1.00000 0 0 0 0 0 0 0 0 0
   Zn   Zn 0.33333 0.66667 0.50000 1.00000 1.00000
    O    O 0.33333 0.66667 0.87722 1.00000 1.00000
CaF2
  2 27.422 0.09537 0.005237884 5.46426 5.46426 5.46426 90.0000 90.0000 90.0000 207.2180 0 1001 17.0000 0 0 0 0 0.0369 0 1.00000 1.00000 1.00000 0 0 0 0 0 0 0 0 0
  Ca1 Ca+2 0.00000 0.00000 0.00000 1.00000 1.00000
   F1  F-1 0.25000 0.25000 0.25000 1.00000 1.00000