SRfactor SZero SDispl STransp + C Wght ESU SF A B C Alpha Beta Gamma NA NB NC P1 P2 P3 U V W Z hh kk ll hk hl kl s1 s2 s3 s4 s5 s6
12.335 0.06138 0.00000 0
Al2O3
  2 38.171 0.13104 0.002092746 4.75990 4.75990 12.99411 90.0000 90.0000 120.0000 134.6324 0 1001 17.0000 0 0 0 0 0.0010 0 1.00000 1.00000 1.00000 0 0 0 0 0 0 0 0 0
  Al1 Al+3 0.00000 0.00000 0.35214 1.00000 1.00000
   O1  O-2 0.30800 0.00000 0.25000 1.00000 1.00000
ZnO
  2 28.698 0.08817 0.031644922 3.25025 3.25025 5.20748 90.0000 90.0000 120.0000 150.6189 0 1001 17.0000 0 0 0 0 0.0010 0 1.00000 1.00000 1.00000 0 0 0 0 0 0 0 0 0
   Zn   Zn 0.33333 0.66667 0.50000 1.00000 1.00000
    O    O 0.33333 0.66667 0.87812 1.00000 1.00000
CaF2
  2 33.131 0.10407 0.005558294 5.46493 5.46493 5.46493 90.0000 90.0000 90.0000 205.1139 0 1001 17.0000 0 0 0 0 0.0346 0 1.00000 1.00000 1.00000 0 0 0 0 0 0 0 0 0
  Ca1 Ca+2 0.00000 0.00000 0.00000 1.00000 1.00000
   F1  F-1 0.25000 0.25000 0.25000 1.00000 1.00000