



 10.000 0.0100 70.000  
      158
      184
      184
      164
      168
      150
      174
      202
      168
      172
      188
      180
      150
      188
      170
      184
      178
      164
      168
      166
      164
      194
      164
      178
      176
      192
      178
      162
      162
      146
      178
      146
      154
      154
      152
      170
      168
      152
      142
      172
      138
      164
      166
      150
      174
      174
      178
      170
      172
      158
      182
      134
      152
      138
      160
      166
      156
      164
      176
      148
      164
      150
      140
      162
      120
      162
      180
      146
      134
      178
      160
      170
      136
      160
      140
      156
      168
      162
      144
      168
      162
      144
      170
      160
      156
      146
      126
      182
      146
      144
      130
      154
      172
      170
      164
      146
      162
      172
      152
      156
      154
      152
      142
      138
      164
      172
      132
      164
      140
      140
      136
      152
      158
      156
      156
      138
      146
      150
      142
      168
      132
      152
      186
      152
      148
      150
      154
      142
      134
      132
      150
      140
      150
      134
      138
      154
      154
      124
      162
      170
      142
      154
      126
      122
      126
      146
      154
      134
      144
      154
      152
      146
      142
      144
      138
      138
      142
      136
      152
      172
      142
      148
      144
      170
      130
      154
      150
      162
      152
      106
      148
      144
      124
      138
      138
      140
      158
      164
      128
      162
      130
      150
      120
      148
      136
      134
      138
      152
      156
      142
      134
      160
      156
      144
      148
      160
      160
      166
      152
      166
      132
      150
      170
      170
      170
      174
      172
      170
      192
      174
      186
      190
      190
      168
      204
      200
      196
      202
      184
      222
      202
      214
      210
      194
      182
      188
      190
      154
      176
      160
      158
      132
      144
      150
      140
      152
      128
      132
      160
      106
      122
      132
      130
      150
      150
      132
      136
      124
      132
      134
      128
      140
      126
      126
      106
      114
      122
      114
      134
      130
      126
      140
      126
      108
      118
      122
      122
      124
      118
      124
      104
      120
      106
      116
      112
      126
      122
      118
      112
      130
      128
      124
      100
      126
      110
      126
      112
      148
      106
      128
      108
      120
      128
      110
      118
      114
      112
      128
      122
      108
      106
      122
      124
      114
      128
      126
      114
      124
      112
      114
      124
      124
       96
      140
      118
      148
      120
      116
      112
      122
      124
      110
      122
      126
      104
      100
      104
      100
      120
      138
      120
      124
      102
      126
      136
      118
      126
      108
      118
      112
       88
      104
      114
      128
      104
      120
      112
      100
      142
      114
      110
      118
      124
      104
       94
      100
      116
       84
       88
      100
      128
      116
      116
      112
      108
      116
      102
      120
       98
      110
      118
       96
      130
      120
      100
      118
      100
      130
      106
      118
      102
      108
      108
      122
      100
      100
      116
      110
      106
      124
      102
       98
      128
      118
       96
      104
      104
      106
      114
      132
      102
       88
      124
      116
      112
       92
      100
      104
      134
      110
       90
      114
      106
      114
      110
      114
      110
       90
       94
      112
      106
      110
      126
      100
      112
      114
      102
      106
       96
       92
      104
       96
       90
      100
      102
       88
      110
       94
      100
       96
       96
       96
      106
      100
       98
      106
      102
      114
       86
       88
      108
      118
      120
      106
      104
      102
      132
      108
      114
       98
      110
      110
       96
      114
       98
      120
       94
      102
       92
      102
      102
      100
       96
      110
      116
      112
      146
      116
      110
      112
      122
      108
      122
      118
      122
      120
      126
      122
      118
      134
      146
      136
      144
      144
      148
      146
      134
      138
      176
      152
      138
      166
      152
      150
      156
      160
      140
      158
      148
      146
      144
      138
      130
      162
      150
      146
      132
      132
      130
      134
      142
      120
      122
      124
      122
      148
      124
      114
      100
      140
      108
      106
      110
      112
      120
      120
      106
      100
      114
      114
      118
      108
      114
       98
      106
      106
      112
       94
      106
      110
      108
       94
      102
      106
      114
      106
      106
      104
      122
      104
       88
       86
      108
      102
      104
      110
       86
       90
       88
      118
       90
      114
       90
      100
      126
      110
       92
      114
      110
       96
       90
      106
       94
       98
      102
       84
       88
       90
      108
      102
       98
       92
      108
       94
       92
       98
       88
       96
       92
      116
      116
       98
      108
      104
       92
      102
       88
      114
      100
      106
       98
      100
       88
       86
       96
       82
      102
      102
       92
      106
       80
       90
       92
       80
       94
      126
      106
       78
       94
       92
      102
       98
       86
      106
       88
      104
       76
       94
       88
      102
      104
       86
       88
      102
       78
      100
       92
       98
       84
       82
      110
       94
       88
       84
       98
      110
      102
       76
      100
      122
      102
      100
      100
       98
       98
       82
       98
       86
       98
      106
      106
      106
      108
       90
       98
       94
       88
      122
      120
      116
      108
      104
      102
      102
       92
       92
      110
       88
      104
      112
      116
      110
      102
      122
      114
      118
      110
      134
      140
      134
      130
      152
      130
      134
      152
      128
      132
      152
      156
      176
      186
      146
      168
      194
      182
      168
      194
      164
      196
      182
      176
      188
      190
      164
      220
      218
      230
      206
      166
      202
      190
      186
      168
      170
      174
      180
      196
      160
      158
      152
      142
      172
      132
      138
      148
      134
      152
      154
      136
      134
      120
      152
      122
      134
      124
      106
      118
      114
      122
      114
      116
      104
      126
       98
      124
      116
      104
      116
      112
       88
      100
      122
      106
      106
      104
      102
      110
      108
      122
       86
       94
       88
      112
       92
       90
       92
       90
      108
       80
      112
       80
       88
       98
       86
       90
       90
      100
       88
       86
       88
       90
       94
       76
       92
       84
       86
       94
       96
       80
       74
       82
       84
       82
       96
       94
       86
       72
       74
       76
       72
       74
       80
       96
       88
       88
       90
       98
       90
       70
       92
       92
       92
       90
       70
       90
       86
       82
      106
       94
       94
       80
       74
       78
       92
       92
       94
       82
       92
       70
       78
      104
       96
       96
       94
       88
       80
      100
       92
       92
       92
      100
       86
       88
      102
       88
       82
       98
       90
       82
       76
       88
       94
      104
       90
      100
       94
       74
       84
      108
      106
       90
       90
       92
      112
       84
      110
      112
       90
       90
      104
       84
      102
      102
      100
      116
      106
      102
      114
      124
      100
      112
      112
      116
      120
      120
      144
      130
      140
      122
      152
      152
      146
      136
      172
      162
      168
      166
      186
      186
      212
      216
      238
      258
      238
      294
      320
      278
      328
      330
      324
      366
      394
      400
      508
      452
      504
      548
      628
      642
      752
      766
      826
      958
     1020
     1132
     1176
     1268
     1444
     1532
     1636
     1708
     1804
     1922
     1904
     1884
     1730
     1788
     1620
     1494
     1354
     1210
     1104
      974
      840
      698
      660
      600
      518
      470
      484
      442
      466
      458
      454
      438
      438
      432
      458
      440
      532
      552
      528
      584
      630
      662
      708
      824
      910
      960
      976
     1060
     1128
     1246
     1274
     1252
     1376
     1424
     1436
     1464
     1344
     1436
     1254
     1170
     1142
      968
      956
      808
      688
      610
      574
      506
      436
      352
      348
      312
      280
      250
      252
      242
      242
      196
      188
      178
      176
      156
      186
      172
      198
      168
      174
      158
      162
      146
      162
      148
      170
      136
      136
      122
      148
      144
      114
      126
      126
      142
      104
      120
      110
      116
      118
      104
      106
      100
      122
      110
      110
       96
       98
       98
      100
      118
      110
      114
      106
      102
      104
       96
      110
       92
       86
      118
      110
       82
       94
       86
       86
       96
       90
       92
      104
       92
       98
      124
       98
      136
      116
      104
       98
      142
      116
      146
      132
      132
      136
      144
      144
      166
      170
      170
      162
      192
      182
      182
      216
      226
      210
      216
      258
      286
      284
      288
      298
      346
      350
      332
      394
      404
      434
      418
      430
      426
      428
      438
      418
      380
      396
      388
      332
      334
      316
      300
      280
      226
      200
      230
      196
      186
      186
      148
      162
      142
      138
      114
      130
      112
      130
      104
      110
      136
      122
      110
      106
      110
      102
       96
       82
      108
       98
       94
       94
      108
      102
       84
       86
       96
       90
       80
       90
       92
       92
       90
       76
       88
       90
       72
       70
       96
       82
       84
      106
       88
       72
       76
       94
       78
       92
       94
       86
       88
       92
       82
       70
       76
       70
       98
       88
       84
       80
       90
       82
       76
       70
       66
       86
       70
       88
       98
       64
       80
       80
       82
      106
       82
       98
       86
      106
       78
       94
      102
       92
       88
      114
       88
       96
      112
      114
      100
      108
      100
      114
      132
      118
      100
      118
      138
      126
      118
      138
      112
      174
      144
      152
      164
      162
      162
      164
      184
      210
      220
      224
      232
      230
      232
      270
      270
      294
      324
      334
      324
      358
      404
      404
      426
      486
      540
      574
      666
      670
      766
      862
      904
      992
     1124
     1240
     1344
     1398
     1558
     1792
     1914
     2096
     2264
     2404
     2440
     2618
     2794
     2806
     2708
     2642
     2436
     2410
     2188
     1912
     1838
     1650
     1400
     1216
     1064
      960
      788
      662
      594
      598
      508
      448
      428
      394
      372
      340
      318
      314
      328
      320
      284
      260
      280
      240
      284
      270
      230
      240
      240
      222
      214
      234
      188
      210
      192
      202
      188
      180
      178
      172
      154
      168
      152
      110
      132
      156
      124
      134
      120
      130
      106
      128
      126
      124
      106
      110
      112
      110
      110
      116
      106
       88
      100
      110
       98
      106
      102
      102
      104
       98
       82
      106
      102
       88
       80
      102
      114
      114
      100
      114
       90
      106
      102
       84
      124
       86
       96
      100
       90
      100
      106
       96
      106
       96
      116
       90
       84
      120
       92
      112
       96
       96
      100
      104
      102
      106
      100
       98
      124
       96
       96
      124
      104
       92
      110
      120
      116
      110
       82
      118
      142
      116
      110
      112
      108
      114
      118
      126
      118
      132
      140
      204
      146
      140
      148
      170
      152
      186
      178
      182
      198
      194
      214
      232
      254
      242
      242
      274
      304
      264
      286
      298
      274
      306
      310
      334
      320
      356
      336
      342
      356
      320
      326
      286
      296
      290
      282
      266
      250
      256
      246
      236
      236
      208
      204
      186
      196
      172
      192
      178
      142
      142
      168
      138
      148
      130
      138
      116
      126
      124
      130
      130
      128
      124
      114
      120
      132
      130
       98
      110
      130
      130
      116
      122
      124
      124
      100
      124
      122
      126
      106
      118
      126
      118
      124
      106
      114
      120
      106
      120
      104
      110
      116
      110
      104
      126
      162
      132
      116
      132
      136
      154
      126
      152
      138
      126
      122
      114
      134
      154
      166
      152
      174
      160
      144
      192
      186
      214
      196
      192
      232
      262
      260
      264
      296
      286
      376
      360
      418
      448
      486
      514
      524
      536
      572
      550
      560
      572
      608
      586
      536
      520
      486
      482
      394
      358
      382
      316
      272
      236
      256
      224
      198
      186
      180
      162
      138
      132
      138
      126
      136
      126
      118
      108
      106
      134
      102
      102
      106
      104
       96
      120
       90
      100
       98
      100
      118
       88
      100
       92
       90
       98
       94
       80
       82
       96
      110
      110
      106
      118
       88
      110
      102
      116
      108
      112
      114
      120
      112
      104
      118
      132
      100
      140
      136
      120
      116
      118
      152
      140
      128
      128
      156
      158
      162
      170
      168
      184
      146
      160
      148
      148
      162
      184
      170
      158
      164
      186
      180
      202
      166
      178
      156
      174
      166
      198
      176
      178
      174
      178
      156
      182
      194
      184
      176
      158
      204
      202
      192
      160
      180
      174
      164
      148
      152
      126
      148
      146
      142
      124
      122
      120
      102
      110
      122
      102
      120
      112
      112
       88
      114
      108
      114
      100
      102
       98
      102
      102
       96
      100
      100
      108
      110
      102
       96
      106
      102
      102
      106
      100
      106
      118
      124
      130
      106
      114
      128
      124
      124
      136
      124
      126
      158
      134
      158
      162
      144
      152
      158
      168
      196
      182
      186
      202
      204
      228
      224
      214
      262
      262
      272
      270
      270
      296
      272
      276
      340
      264
      298
      280
      286
      292
      260
      268
      256
      246
      224
      230
      232
      202
      188
      184
      198
      182
      172
      148
      158
      154
      162
      154
      150
      144
      140
      124
      138
      170
      138
      134
      120
      140
      140
      136
      158
      172
      144
      150
      170
      138
      164
      168
      184
      180
      178
      162
      198
      188
      204
      234
      230
      242
      212
      242
      300
      290
      282
      316
      316
      344
      410
      444
      470
      468
      588
      580
      646
      676
      732
      730
      842
      906
      910
      972
     1036
     1054
     1070
     1024
     1070
     1052
     1014
      938
      920
      802
      754
      720
      672
      654
      574
      532
      440
      436
      336
      356
      326
      296
      242
      250
      232
      212
      222
      188
      178
      164
      146
      138
      140
      154
      158
      144
      142
      128
      126
      112
      116
      124
      126
      106
      122
      104
      116
      104
      124
      108
      112
       92
      100
      104
      106
       98
      108
      114
      100
      120
      114
      124
      112
      104
      116
      114
      130
      102
      118
      104
      104
       96
      108
      104
       98
       96
       94
       86
       78
      110
      104
       84
       94
       86
       98
       84
      104
       74
       86
      118
       82
       78
       86
      110
      106
       86
       90
       92
      128
       92
      100
       92
       94
      112
       96
      118
      108
      102
      110
       94
      114
      116
      114
      112
      120
      100
      130
       96
      128
      128
      118
      114
      128
      134
      138
      116
      134
      126
      118
      112
      106
      112
      140
      126
      132
      132
      126
      122
      136
      120
      132
      134
      112
      132
      128
      106
      120
      114
      112
       98
      100
      130
      104
      122
      108
      104
      150
      106
      132
      128
      148
      148
      140
      110
      112
      156
      168
      176
      154
      188
      166
      180
      196
      248
      250
      230
      268
      286
      290
      294
      304
      350
      414
      436
      462
      506
      524
      554
      628
      664
      666
      768
      744
      764
      846
      884
      872
      870
      870
      864
      886
      824
      788
      736
      762
      696
      660
      630
      620
      590
      520
      494
      486
      480
      466
      426
      372
      374
      400
      320
      352
      356
      316
      316
      340
      320
      316
      324
      290
      324
      300
      312
      302
      318
      320
      322
      270
      326
      318
      296
      300
      274
      258
      288
      306
      288
      264
      230
      220
      246
      210
      258
      220
      232
      230
      206
      212
      222
      192
      196
      214
      184
      192
      166
      200
      202
      178
      194
      172
      194
      186
      162
      170
      166
      150
      164
      162
      164
      156
      116
      130
      140
      118
      140
      118
      124
      106
      124
      116
      134
      116
      108
      108
      116
      102
      128
      124
       96
       98
      104
      104
      100
       96
      108
       98
      108
      110
      112
      116
      106
      102
      100
      118
      118
      116
       96
      108
      112
      116
      114
      132
      104
      138
      130
      146
      118
      124
      154
      116
      166
      130
      162
      156
      174
      168
      162
      184
      162
      178
      212
      200
      226
      194
      234
      220
      232
      246
      260
      286
      282
      344
      326
      302
      368
      404
      402
      452
      462
      538
      548
      542
      642
      724
      780
      784
      820
      948
      956
     1052
     1096
     1236
     1310
     1338
     1426
     1402
     1358
     1338
     1388
     1328
     1252
     1186
     1142
     1062
     1082
      992
      792
      762
      820
      742
      666
      546
      580
      578
      578
      540
      570
      582
      556
      568
      548
      608
      620
      628
      692
      720
      750
      814
      880
      978
      982
     1096
     1246
     1240
     1446
     1582
     1674
     1858
     2082
     2266
     2418
     2730
     3046
     3212
     3422
     3638
     3830
     4112
     4286
     4496
     4604
     4602
     4794
     4532
     4476
     4446
     4178
     4030
     3852
     3654
     3380
     3138
     2842
     2672
     2352
     2066
     1894
     1798
     1620
     1462
     1284
     1172
     1036
      926
      886
      800
      778
      688
      684
      630
      630
      626
      544
      546
      528
      520
      526
      526
      502
      524
      508
      556
      564
      504
      580
      654
      710
      692
      736
      758
      816
      790
      850
      946
      880
      918
      936
      900
      862
      822
      776
      780
      740
      672
      636
      596
      568
      520
      462
      400
      356
      366
      298
      298
      272
      246
      244
      210
      200
      200
      186
      176
      168
      172
      150
      156
      146
      154
      138
      154
      154
      140
      126
      134
      116
      122
      118
      128
      104
      112
      106
       98
      102
      110
       98
      106
      110
      112
      106
       84
      108
      106
      104
       94
       82
       76
       92
       98
       70
       92
      100
       82
       90
       82
       74
       98
       86
       96
       74
       78
       90
       88
       64
       76
      106
      100
       90
       92
       64
       84
       90
       98
       96
       94
       96
       92
      104
      100
       80
       86
       88
      108
       92
      106
       84
       82
       98
       86
       94
       98
       98
       84
       90
       94
       86
       68
       66
       70
       88
      114
       80
       84
       78
       82
       80
       84
       98
       92
       94
       84
      100
       70
       90
       76
       88
      108
       68
      106
      106
       70
      102
      102
       90
       74
       88
       78
       86
      108
       78
      108
       92
       96
      108
       92
       88
       92
       96
       94
      108
      102
       94
       88
       98
       86
      104
       88
       98
      102
      100
       86
       88
      108
       82
       94
       96
       88
       92
       94
       98
       90
      100
      100
      100
       94
      118
      108
      100
       76
       94
       98
       86
       82
       90
       84
      108
       98
       90
       88
      106
      102
       96
      100
      100
       88
      102
       96
      100
       86
      100
      100
       82
       94
       80
       94
      106
      114
       94
      112
       76
       78
       82
       96
       94
      106
      112
      104
      100
       84
      104
      116
       88
       94
       86
       86
      102
       90
       98
       90
       80
       92
       92
       76
      106
       88
       98
      108
       84
       90
      100
       92
      110
      114
      100
       82
      112
      102
      116
       90
      112
       98
      122
      114
      100
      100
      106
       98
      120
      122
      108
      126
      116
      112
      122
      134
      122
      100
      118
      144
      120
      120
      130
      136
      132
      144
      138
      126
      132
      144
      152
      144
      166
      178
      180
      186
      188
      186
      186
      228
      230
      234
      268
      260
      272
      284
      272
      320
      332
      352
      358
      396
      376
      364
      340
      354
      374
      354
      308
      318
      276
      286
      280
      234
      242
      244
      244
      226
      206
      226
      182
      196
      170
      182
      162
      172
      158
      126
      172
      164
      150
      140
      124
      158
      170
      144
      164
      172
      192
      180
      182
      168
      166
      166
      174
      214
      206
      212
      212
      200
      226
      254
      262
      274
      274
      296
      302
      326
      356
      384
      426
      392
      434
      492
      482
      586
      644
      690
      696
      764
      814
      984
      996
     1052
     1050
     1076
     1158
     1166
     1154
     1174
     1124
     1118
     1034
     1054
      968
      920
      892
      798
      744
      782
      704
      624
      600
      646
      486
      486
      438
      452
      418
      342
      376
      374
      322
      324
      312
      308
      288
      278
      302
      294
      302
      324
      278
      282
      252
      252
      252
      240
      270
      244
      220
      242
      236
      232
      208
      210
      218
      244
      208
      226
      212
      196
      218
      200
      188
      196
      194
      202
      206
      202
      216
      192
      188
      224
      216
      180
      240
      202
      200
      210
      194
      206
      214
      240
      214
      222
      234
      240
      232
      258
      262
      274
      274
      262
      302
      296
      294
      314
      318
      352
      342
      392
      406
      424
      462
      502
      548
      558
      656
      686
      700
      800
      840
      842
      972
      968
     1024
     1058
     1096
     1148
     1174
     1248
     1180
     1114
     1058
     1118
     1054
     1084
     1014
      900
      864
      852
      796
      816
      778
      780
      744
      726
      710
      720
      702
      700
      766
      732
      850
      788
      818
      826
      916
      878
      996
      994
     1062
     1142
     1232
     1302
     1344
     1418
     1558
     1684
     1828
     1844
     1908
     2016
     2124
     2230
     2258
     2250
     2220
     2282
     2186
     2192
     2262
     2226
     2194
     2072
     2086
     2022
     2010
     2020
     1978
     1996
     1876
     1966
     1878
     1848
     1852
     1882
     1872
     1976
     1884
     1902
     1908
     1854
     1818
     1720
     1682
     1550
     1548
     1486
     1402
     1228
     1246
     1106
     1010
     1024
      980
      864
      748
      784
      744
      612
      594
      566
      558
      514
      468
      448
      404
      384
      388
      378
      354
      354
      326
      368
      322
      326
      282
      318
      324
      338
      308
      316
      268
      316
      288
      298
      284
      304
      302
      326
      290
      290
      304
      304
      288
      296
      292
      304
      298
      264
      314
      282
      292
      292
      284
      262
      316
      288
      320
      338
      386
      384
      364
      328
      400
      394
      422
      426
      470
      510
      550
      544
      584
      660
      772
      804
      864
      902
      984
     1062
     1078
     1182
     1216
     1316
     1358
     1284
     1266
     1280
     1236
     1174
     1242
     1074
     1126
     1008
      984
      964
      906
      872
      806
      746
      658
      644
      560
      522
      486
      424
      422
      378
      366
      346
      328
      316
      298
      296
      264
      258
      264
      260
      270
      236
      234
      194
      262
      228
      246
      204
      200
      240
      226
      198
      226
      224
      192
      212
      220
      206
      222
      220
      212
      224
      234
      198
      236
      220
      222
      238
      224
      242
      254
      250
      274
      270
      284
      278
      298
      280
      290
      356
      354
      358
      342
      390
      426
      414
      476
      516
      522
      544
      592
      628
      610
      706
      754
      700
      694
      666
      708
      758
      726
      644
      672
      718
      644
      602
      672
      666
      614
      530
      552
      546
      440
      450
      466
      408
      440
      372
      362
      328
      298
      318
      288
      292
      250
      254
      240
      252
      234
      250
      242
      236
      220
      216
      222
      222
      202
      226
      188
      208
      210
      218
      210
      230
      228
      230
      232
      252
      258
      266
      270
      244
      284
      262
      254
      266
      280
      328
      304
      326
      358
      366
      344
      372
      368
      394
      376
      356
      370
      368
      380
      402
      368
      346
      374
      358
      394
      352
      364
      344
      366
      328
      318
      330
      328
      306
      256
      284
      316
      324
      318
      292
      266
      288
      266
      284
      286
      290
      280
      300
      276
      288
      282
      324
      328
      330
      328
      354
      394
      348
      420
      436
      442
      474
      506
      576
      588
      684
      708
      780
      776
      828
      892
      946
      944
      966
      982
     1006
      990
     1044
     1078
     1034
      984
      992
      948
      912
      844
      890
      820
      758
      726
      692
      614
      624
      552
      542
      490
      458
      452
      366
      370
      396
      352
      302
      320
      306
      266
      244
      260
      252
      248
      238
      194
      210
      216
      186
      174
      168
      184
      164
      170
      174
      166
      180
      174
      180
      142
      162
      158
      144
      166
      146
      150
      148
      162
      142
      166
      134
      154
      144
      144
      142
      164
      144
      168
      124
      150
      144
      138
      148
      150
      152
      148
      128
      142
      152
      174
      170
      162
      156
      162
      144
      178
      136
      162
      180
      170
      176
      162
      180
      178
      178
      208
      184
      186
      188
      200
      220
      208
      228
      242
      228
      270
      290
      252
      274
      296
      314
      330
      352
      376
      424
      414
      464
      490
      514
      630
      718
      698
      744
      768
      844
      826
      986
      902
      962
      990
     1036
     1056
     1038
     1070
      984
      900
      936
      972
      880
      880
      824
      742
      748
      700
      664
      686
      582
      632
      552
      538
      454
      438
      430
      384
      348
      300
      322
      318
      294
      252
      258
      234
      246
      244
      214
      232
      206
      210
      216
      212
      228
      200
      240
      218
      214
      222
      226
      226
      234
      254
      246
      274
      272
      282
      272
      302
      322
      308
      342
      330
      366
      362
      384
      362
      396
      378
      338
      362
      376
      350
      348
      346
      362
      318
      330
      306
      310
      262
      282
      290
      248
      220
      228
      224
      214
      216
      174
      192
      226
      196
      188
      174
      184
      194
      182
      172
      176
      170
      152
      176
      162
      172
      152
      162
      158
      168
      182
      166
      176
      156
      158
      170
      166
      148
      168
      150
      168
      168
      148
      160
      160
      148
      168
      152
      178
      152
      156
      132
      162
      160
      158
      156
      174
      134
      158
      160
      144
      178
      158
      146
      174
      148
      154
      172
      136
      170
      160
      168
      178
      174
      164
      164
      164
      162
      166
      152
      168
      170
      174
      204
      178
      190
      192
      204
      224
      190
      236
      226
      222
      266
      240
      248
      282
      288
      284
      222
      324
      282
      310
      338
      302
      330
      354
      368
      356
      362
      366
      352
      370
      396
      406
      362
      428
      380
      390
      418
      352
      364
      374
      362
      368
      354
      338
      340
      322
      364
      306
      306
      326
      304
      308
      288
      272
      282
      262
      284
      258
      254
      272
      254
      252
      254
      228
      248
      236
      222
      226
      214
      214
      200
      198
      244
      222
      214
      206
      204
      230
      210
      210
      240
      234
      222
      210
      190
      208
      200
      206
      188
      198
      188
      202
      236
      208
      220
      236
      224
      224
      212
      182
      222
      226
      220
      204
      206
      226
      204
      212
      196
      236
      246
      234
      232
      254
      224
      222
      262
      236
      254
      262
      266
      248
      276
      296
      260
      264
      274
      290
      322
      290
      304
      294
      322
      276
      272
      314
      292
      296
      320
      292
      320
      340
      316
      332
      292
      354
      360
      404
      376
      392
      410
      402
      420
      402
      488
      480
      540
      478
      552
      520
      586
      612
      694
      662
      744
      732
      778
      824
      890
      982
     1016
     1108
     1152
     1260
     1338
     1530
     1670
     1786
     1918
     2086
     2324
     2466
     2708
     2858
     3188
     3350
     3688
     3842
     3992
     4260
     4418
     4486
     4496
     4636
     4696
     4604
     4568
     4582
     4460
     4194
     3926
     3926
     3934
     3766
     3560
     3398
     3374
     3136
     2902
     2830
     2730
     2580
     2400
     2318
     2236
     2108
     1976
     1842
     1858
     1768
     1726
     1760
     1616
     1556
     1586
     1462
     1446
     1406
     1348
     1374
     1228
     1264
     1122
     1156
     1076
      974
     1020
      934
      898
      834
      838
      784
      788
      682
      674
      580
      618
      550
      498
      552
      478
      470
      470
      426
      436
      390
      384
      396
      348
      332
      330
      306
      362
      312
      304
      316
      292
      268
      316
      296
      302
      268
      278
      262
      264
      242
      286
      242
      252
      252
      236
      270
      244
      242
      254
      282
      254
      280
      262
      278
      270
      270
      280
      328
      312
      340
      362
      310
      364
      414
      366
      406
      380
      434
      414
      454
      480
      428
      398
      426
      460
      436
      432
      416
      410
      404
      396
      398
      406
      400
      342
      346
      388
      346
      366
      352
      334
      372
      364
      348
      308
      354
      372
      326
      384
      374
      432
      376
      436
      380
      406
      400
      444
      430
      434
      468
      434
      474
      458
      438
      446
      428
      384
      400
      402
      412
      394
      368
      398
      326
      362
      386
      336
      322
      322
      302
      316
      290
      332
      292
      310
      310
      298
      302
      294
      286
      348
      326
      336
      306
      298
      308
      292
      322
      288
      278
      324
      306
      320
      292
      296
      268
      276
      314
      272
      270
      254
      260
      276
      222
      252
      228
      222
      270
      220
      236
      218
      196
      212
      204
      204
      198
      200
      220
      196
      176
      172
      188
      182
      164
      174
      176
      162
      160
      152
      146
      132
      142
      150
      146
      140
      156
      140
      144
      148
      128
      140
      144
      150
      144
      134
      122
      150
      118
      134
      136
      128
      118
      130
      124
      138
      114
      136
      126
      134
      128
      120
      100
      130
      136
      124
      116
      124
      136
      120
      120
      140
      134
      110
      128
      134
      132
      126
      130
      136
      120
      126
      140
      126
      134
      112
      144
      132
      154
      154
      148
      142
      132
      158
      128
      144
      142
      126
      146
      146
      146
      144
      136
      130
      160
      130
      142
      130
      138
      136
      152
      170
      138
      124
      144
      158
      160
      160
      166
      148
      184
      192
      188
      172
      182
      174
      178
      212
      212
      228
      216
      222
      216
      234
      228
      232
      230
      224
      240
      298
      286
      304
      252
      308
      318
      366
      338
      350
      364
      370
      412
      416
      466
      424
      476
      510
      490
      438
      510
      500
      526
      572
      566
      578
      526
      594
      522
      574
      556
      548
      554
      534
      582
      522
      494
      536
      498
      466
      462
      462
      438
      412
      460
      438
      398
      376
      420
      370
      320
      368
      334
      302
      344
      304
      336
      344
      316
      294
      282
      298
      306
      294
      310
      314
      322
      330
      328
      344
      358
      346
      362
      358
      382
      366
      396
      402
      412
      408
      432
      438
      478
      448
      448
      480
      440
      416
      436
      402
      380
      400
      404
      348
      358
      358
      328
      372
      342
      356
      312
      338
      330
      352
      290
      270
      332
      280
      284
      284
      302
      262
      282
      268
      328
      296
      292
      294
      304
      326
      290
      306
      328
      320
      338
      340
      374
      374
      382
      390
      408
      380
      378
      354
      368
      406
      358
      352
      326
      326
      354
      364
      338
      332
      356
      368
      336
      346
      324
      350
      340
      286
      312
      310
      316
      328
      330
      330
      350
      346
      330
      372
      346
      398
      390
      406
      456
      460
      454
      494
      498
      528
      476
      486
      482
      508
      532
      534
      542
      530
      580
      518
      506
      508
      480
      522
      478
      476
      506
      460
      462
      476
      458
      416
      452
      418
      384
      412
      394
      376
      398
      350
      376
      302
      330
      338
      348
      314
      290
      274
      248
      292
      280
      294
      284
      296
      270
      284
      250
      272
      264
      260
      306
      272
      290
      314
      300
      326
      310
      326
      334
      364
      378
      408
      410
      410
      422
      478
      484
      506
      628
      574
      628
      638
      658
      692
      704
      722
      698
      710
      746
      726
      738
      750
      750
      722
      700
      728
      686
      654
      690
      670
      634
      620
      608
      592
      580
      544
      514
      518
      486
      492
      416
      436
      438
      414
      426
      392
      374
      340
      356
      378
      304
      366
      328
      346
      322
      316
      362
      344
      334
      362
      344
      366
      348
      384
      410
      400
      422
      456
      460
      498
      534
      586
      648
      624
      638
      706
      784
      750
      892
      896
      940
      902
      922
      960
      978
      958
     1010
      934
      902
      876
      890
      890
      790
      806
      854
      774
      766
      702
      764
      652
      658
      580
      566
      568
      550
      526
      456
      464
      398
      396
      364
      374
      324
      286
      320
      272
      278
      298
      240
      258
      254
      228
      226
      216
      202
      238
      200
      208
      222
      176
      206
      180
      166
      188
      200
      162
      152
      196
      166
      168
      162
      172
      152
      146
      148
      162
      168
      162
      156
      126
      146
      148
      150
      174
      126
      150
      138
      132
      132
      138
      152
      126
      134
      134
      130
      142
      134
      128
      134
      150
      140
      134
      148
      144
      124
      140
      132
      168
      132
      152
      146
      146
      128
      140
      126
      160
      152
      134
      128
      142
      166
      138
      156
      172
      156
      168
      182
      168
      168
      194
      192
      204
      194
      200
      194
      240
      232
      222
      222
      230
      250
      232
      218
      268
      276
      252
      276
      290
      300
      296
      298
      318
      370
      320
      334
      402
      400
      376
      418
      414
      450
      410
      438
      434
      446
      436
      398
      414
      430
      392
      398
      446
      378
      368
      386
      378
      348
      354
      354
      352
      344
      312
      324
      326
      318
      304
      314
      306
      278
      250
      274
      268
      258
      270
      304
      230
      260
      250
      238
      262
      242
      254
      242
      268
      240
      242
      282
      232
      256
      224
      230
      238
      228
      246
      228
      254
      256
      232
      240
      216
      238
      240
      202
      206
      244
      206
      190
      254
      228
      222
      242
      214
      206
      208
      200
      208
      220
      200
      204
      198
      226
      228
      218
      230
      210
      250
      232
      220
      232
      244
      254
      246
      236
      248
      296
      272
      284
      294
      350
      296
      320
      340
      320
      350
      328
      350
      394
      334
      332
      336
      346
      348
      300
      326
      306
      304
      308
      326
      312
      288
      274
      266
      254
      302
      270
      232
      212
      252
      274
      208
      198
      184
      178
      192
      164
      196
      176
      174
      168
      158
      148
      156
      138
      148
      142
      154
      132
      128
      124
      148
      142
      126
      146
      128
      114
      132
      140
      158
      150
      122
      138
      140
      130
      134
      140
      120
      100
      112
      124
      122
      148
      134
      118
      144
      126
      132
      116
      128
      150
      122
      102
      132
      144
      150
      116
      122
      132
      114
      148
      130
      132
      118
      124
      130
      128
      106
      144
      124
      166
      158
      162
      138
      162
      140
      152
      142
      170
      152
      160
      144
      164
      158
      168
      214
      174
      170
      148
      186
      188
      188
      182
      156
      222
      196
      190
      164
      186
      208
      232
      214
      198
      208
      224
      234
      240
      218
      222
      246
      258
      276
      282
      312
      296
      300
      338
      344
      382
      388
      450
      400
      402
      464
      512
      580
      536
      644
      638
      656
      686
      760
      768
      754
      756
      824
      812
      952
      878
      862
      856
      836
      872
      840
      828
      796
      858
      800
      786
      776
      798
      824
      756
      742
      734
      712
      750
      720
      738
      736
      740
      750
      752
      704
      758
      748
      822
      802
      852
      854
      856
      930
      878
      976
      918
      864
      992
      904
      886
      854
      902
      866
      792
      736
      738
      750
      662
      686
      688
      696
      670
      622
      636
      588
      582
      562
      556
      494
      494
      430
      446
      438
      368
      406
      374
      342
      356
      376
      336
      380
      330
      328
      332
      368
      336
      368
      330
      372
      356
      346
      334
      362
      362
      410
      418
      440
      418
      432
      482
      488
      490
      548
      550
      534
      550
      580
      578
      678
      648
      680
      768
      794
      792
      808
      798
      970
      864
      960
      936
     1024
     1022
     1076
     1086
     1160
     1144
     1260
     1224
     1214
     1296
     1294
     1304
     1362
     1430
     1574
     1560
     1566
     1552
     1636
     1644
     1660
     1698
     1720
     1756
     1766
     1828
     1800
     1750
     1776
     1798
     1764
     1712
     1720
     1562
     1568
     1588
     1510
     1476
     1474
     1412
     1404
     1264
     1192
     1138
     1162
     1106
     1104
     1020
      936
      876
      912
      796
      760
      768
      692
      640
      614
      608
      558
      520
      494
      484
      436
      438
      380
      418
      374
      342
      350
      306
      330
      322
      314
      294
      278
      256
      296
      268
      258
      242
      254
      242
      254
      250
      242
      220
      244
      210
      216
      198
      212
      218
      222
      220
      174
      218
      202
      204
      228
      220
      214
      216
      208
      204
      206
      210
      204
      218
      206
      198
      220
      220
      226
      220
      226
      222
      210
      224
      228
      260
      258
      228
      264
      260
      266
      236
      264
      260
      292
      286
      250
      298
      294
      246
      276
      316
      318
      266
      298
      254
      292
      288
      308
      252
      286
      312
      298
      266
      252
      254
      236
      260
      262
      244
      240
      248
      232
      234
      244
      246
      226
      230
      204
      244
      234
      210
      200
      178
      188
      206
      202
      208
      172
      208
      180
      182
      162
      210
      170
      168
      200
      188
      190
      176
      180
      170
      160
      158
      188
      164
      152
      174
      168
      142
      162
      176
      140
      168
      176
      170
      156
      162
      152
      150
      156
      144
      158
      168
      168
      150
      138
      140
      142
      168
      158
      160
      166
      178
      146
      152
      150
      172
      180
      178
      136
      160
      162
      156
      158
      168
      172
      178
      174
      156
      182
      138
      170
      170
      160
      180
      184
      176
      192
      192
      196
      224
      198
      220
      206
      216
      218
      226
      250
      214
      228
      258
      246
      234
      242
      258
      266
      260
      276
      284
      262
      260
      264
      274
      280
      268
      282
      280
      266
      266
      252
      276
      294
      288
      256
      270
      246
      278
      264
      252
      266
      264
      258
      274
      262
      290
      254
      270
      272
      294
      268
      296
      270
      298
      254
      270
      268
      320
      284
      266
      256
      298
      298
      278
      258
      284
      302
      266
      266
      290
      256
      264
      258
      276
      238
      230
      232
      222
      270
      210
      238
      242
      206
      236
      254
      234
      228
      226
      228
      228
      254
      242
      210
      248
      242
      210
      252
      208
      236
      280
      222
      262
      240
      224
      258
      240
      280
      246
      264
      232
      258
      288
      278
      280
      266
      260
      264
      280
      276
      264
      278
      272
      294
      272
      296
      304
      314
      254
      264
      256
      264
      230
      240
      238
      256
      258
      238
      262
      234
      230
      246
      244
      232
      232
      244
      226
      220
      224
      236
      226
      210
      206
      218
      176
      158
      188
      200
      182
      210
      210
      194
      166
      192
      168
      174
      158
      166
      158
      158
      158
      178
      164
      148
      154
      134
      122
      134
      152
      162
      142
      136
      132
      132
      124
      140
      142
      142
      144
      132
      150
      122
      126
      168
      138
      128
      120
      130
      126
      122
      136
      128
      122
      134
      122
      130
      112
      110
      114
      120
      100
      106
      118
      112
      122
      112
      106
      116
      106
      134
      110
      110
      126
      104
      110
      102
      104
      100
      110
      102
       94
      108
      102
       90
       92
       86
      114
       82
       74
       96
       98
       90
      102
       98
      114
      112
       94
      104
      106
      104
       98
       92
       94
      100
      108
      112
      120
      102
       96
       86
      114
      116
      116
      100
      110
       92
      124
      118
      114
      122
      138
      108
      138
      130
      148
      124
      140
      160
      142
      152
      160
      166
      192
      190
      188
      184
      198
      204
      198
      202
      210
      232
      234
      204
      218
      248
      212
      228
      220
      228
      226
      208
      252
      208
      248
      192
      204
      222
      194
      218
      172
      174
      168
      184
      182
      210
      146
      148
      172
      180
      172
      144
      178
      146
      144
      126
      130
      116
      126
      130
      138
      132
      110
      130
       98
      104
      110
      112
      106
      120
      114
      126
      104
      112
      100
      110
       94
      114
      102
      100
       88
      110
      104
      100
       88
      100
      102
       92
       90
       96
       80
       88
      110
       92
       96
       88
       80
       98
      102
       94
       98
       84
       86
       92
       92
       88
       94
      102
      102
      114
       92
       76
       96
       96
       88
       98
       88
       86
      104
       86
      102
       98
       92
       94
      102
       92
       94
      102
      102
      106
      102
      108
      112
      118
      116
      110
      118
      126
      100
      110
      138
      110
      126
      132
      158
      128
      128
      158
      122
      154
      154
      158
      162
      162
      158
      164
      164
      180
      168
      190
      188
      210
      180
      194
      196
      208
      224
      208
      198
      216
      214
      218
      216
      226
      226
      194
      212
      232
      234
      196
      180
      174
      184
      174
      188
      192
      186
      182
      196
      160
      180
      162
      152
      154
      140
      160
      150
      144
      144
      140
      128
      126
      114
      148
      134
      142
      142
      128
      120
      118
      104
      134
      112
      100
      120
      122
      108
      104
      116
      106
      110
      118
      104
      118
       92
      100
      108
       86
       96
       98
       90
       98
      106
       92
      112
      110
      106
       94
       94
       82
       96
       88
       78
      100
       94
      108
      114
      114
       82
      100
       92
      112
      106
      116
      102
       86
      102
      100
      108
      108
       92
      106
      112
      110
      106
      102
      116
      110
      108
      118
       82
      112
      104
      100
      118
      132
      120
      112
      118
      116
      104
      126
      120
      142
      104
      112
      154
      140
      124
      108
      142
      142
      150
      144
      148
      136
      180
      158
      148
      158
      172
      152
      142
      174
      166
      162
      166
      170
      170
      178
      202
      188
      192
      226
      226
      214
      208
      220
      254
      244
      246
      230
      284
      256
      274
      284
      274
      294
      280
      270
      306
      314
      258
      288
      294
      274
      272
      244
      246
      262
      248
      260
      258
      248
      228
      222
      204
      238
      232
      180
      230
      200
      196
      204
      206
      188
      180
      198
      182
      178
      144
      176
      144
      152
      154
      140
      148
      158
      146
      140
      114
      122
      132
      132
      132
      110
       92
      128
      102
      138
      118
      102
      122
      116
      106
      108
      130
      128
      132
      124
      136
      132
      112
      126
      108
      102
      128
      126
      116
      132
      136
      118
      122
      128
      138
      128
      138
      148
      126
      142
      142
      164
      134
      160
      140
      182
      154
      156
      168
      156
      194
      156
      196
      168
      232
      194
      194
      214
      222
      220
      250
      262
      256
      240
      288
      296
      310
      284
      322
      346
      390
      408
      420
      404
      452
      448
      528
      480
      516
      544
      518
      578
      642
      590
      586
      596
      654
      638
      650
      614
      564
      600
      622
      646
      616
      610
      648
      624
      612
      648
      604
      612
      592
      562
      536
      538
      518
      522
      494
      470
      428
      438
      438
      410
      448
      360
      360
      372
      372
      356
      366
      360
      310
      326
      308
      310
      280
      276
      276
      286
      290
      266
      284
      302
      254
      256
      286
      244
      202
      232
      236
      274
      242
      256
      212
      234
      206
      210
      202
      232
      202
      184
      194
      168
      180
      188
      206
      158
      182
      184
      148
      150
      166
      176
      164
      174
      162
      160
      142
      166
      142
      148
      160
      134
      170
      144
      172
      170
      144
      144
      174
      168
      166
      162
      158
      156
      170
      186
      160
      184
      174
      164
      178
      196
      188
      194
      206
      208
      230
      256
      236
      230
      254
      246
      266
      234
      232
      260
      258
      266
      268
      268
      292
      306
      266
      282
      302
      284
      258
      266
      230
      280
      264
      240
      228
      220
      216
      220
      212
      218
      234
      232
      218
      208
      234
      202
      182
      172
      184
      168
      198
      170
      178
      154
      136
      162
      150
      134
      130
      136
      126
      120
      116
      122
      108
      124
      138
      142
      108
      104
      106
      128
      132
      106
      110
      104
      110
      106
      120
