



   10.000 0.0100 90.000
      310
      322
      320
      332
      290
      296
      302
      310
      328
      300
      296
      334
      326
      320
      332
      292
      350
      292
      296
      302
      310
      322
      302
      272
      302
      280
      286
      274
      288
      276
      302
      302
      314
      302
      296
      304
      316
      304
      308
      316
      314
      324
      310
      276
      310
      296
      336
      298
      314
      310
      296
      286
      292
      286
      300
      300
      268
      276
      276
      300
      270
      310
      306
      300
      262
      284
      314
      290
      286
      334
      304
      252
      298
      316
      300
      318
      312
      264
      290
      304
      294
      288
      304
      296
      258
      292
      274
      302
      294
      264
      290
      270
      256
      308
      276
      270
      258
      294
      256
      296
      276
      286
      270
      278
      300
      280
      260
      314
      288
      290
      274
      260
      262
      298
      276
      256
      274
      278
      266
      276
      246
      256
      266
      262
      296
      264
      268
      274
      286
      250
      272
      226
      278
      280
      258
      278
      264
      278
      272
      278
      270
      276
      256
      274
      264
      244
      284
      252
      216
      250
      232
      278
      268
      280
      282
      270
      274
      292
      280
      248
      266
      286
      314
      296
      282
      272
      260
      276
      264
      308
      284
      296
      296
      300
      292
      274
      284
      324
      288
      326
      314
      306
      304
      306
      326
      278
      320
      320
      312
      322
      324
      296
      328
      356
      370
      342
      352
      336
      382
      394
      356
      396
      420
      394
      412
      430
      432
      432
      498
      496
      500
      490
      588
      592
      584
      566
      620
      584
      658
      626
      594
      606
      576
      554
      522
      488
      442
      406
      376
      350
      348
      384
      330
      314
      308
      316
      276
      260
      290
      282
      258
      258
      256
      268
      244
      246
      216
      266
      258
      276
      254
      256
      258
      246
      240
      248
      258
      260
      262
      218
      228
      252
      268
      264
      230
      236
      208
      230
      246
      248
      246
      238
      276
      234
      222
      240
      236
      238
      222
      250
      250
      226
      234
      216
      196
      230
      236
      216
      236
      242
      222
      242
      230
      232
      242
      236
      248
      250
      244
      212
      252
      214
      240
      248
      206
      188
      218
      222
      232
      272
      226
      240
      268
      220
      238
      230
      216
      254
      218
      254
      212
      204
      208
      190
      246
      224
      224
      216
      220
      236
      234
      242
      218
      236
      224
      216
      222
      248
      242
      238
      200
      228
      262
      230
      230
      236
      218
      218
      236
      222
      228
      214
      228
      206
      202
      228
      238
      238
      230
      228
      240
      226
      236
      210
      216
      216
      244
      224
      214
      240
      196
      216
      240
      228
      236
      252
      216
      214
      230
      244
      232
      222
      216
      198
      196
      250
      230
      214
      238
      200
      228
      188
      226
      216
      212
      238
      228
      194
      208
      194
      228
      198
      206
      238
      228
      210
      200
      216
      202
      206
      220
      216
      232
      206
      214
      202
      236
      222
      192
      206
      200
      226
      232
      222
      228
      210
      216
      218
      218
      244
      210
      178
      202
      208
      230
      226
      224
      212
      240
      198
      216
      208
      210
      214
      224
      208
      214
      204
      226
      210
      236
      234
      224
      234
      246
      230
      210
      236
      260
      230
      260
      248
      264
      232
      280
      256
      274
      250
      280
      276
      268
      274
      306
      314
      358
      358
      328
      324
      360
      354
      366
      352
      358
      388
      408
      466
      472
      516
      504
      556
      552
      654
      664
      684
      658
      756
      840
      836
      830
      882
      912
      908
      886
      840
      832
      794
      756
      738
      658
      676
      684
      684
      694
      710
      718
      676
      720
      708
      704
      724
      736
      706
      648
      630
      642
      522
      528
      438
      432
      396
      372
      336
      314
      308
      300
      280
      278
      304
      276
      266
      258
      244
      232
      242
      264
      260
      224
      246
      204
      226
      224
      192
      234
      198
      226
      238
      252
      218
      204
      204
      224
      208
      230
      268
      208
      228
      218
      202
      222
      178
      214
      184
      188
      228
      194
      182
      214
      184
      212
      202
      194
      214
      216
      188
      188
      200
      206
      222
      194
      224
      168
      182
      220
      184
      182
      196
      194
      204
      202
      178
      206
      204
      200
      204
      204
      200
      198
      202
      180
      202
      216
      182
      200
      186
      198
      190
      196
      190
      190
      196
      206
      226
      202
      186
      218
      238
      216
      198
      238
      222
      214
      220
      238
      200
      218
      214
      212
      210
      198
      176
      190
      220
      202
      230
      216
      210
      188
      202
      202
      202
      200
      214
      218
      222
      214
      208
      230
      218
      222
      210
      248
      214
      230
      228
      248
      250
      248
      262
      242
      242
      246
      252
      272
      270
      304
      286
      266
      288
      308
      312
      306
      362
      360
      386
      404
      418
      456
      458
      520
      490
      542
      584
      624
      678
      632
      676
      772
      852
      786
      888
      956
      972
      968
     1068
     1080
     1010
      984
      978
      942
      926
      864
      876
      818
      790
      772
      772
      772
      784
      764
      780
      764
      834
      796
      730
      768
      746
      760
      802
      820
      742
      754
      780
      738
      790
      810
      810
      878
      834
      856
      860
      890
      932
      930
      912
      918
      810
      802
      750
      682
      636
      590
      562
      472
      480
      436
      408
      394
      380
      376
      378
      394
      376
      344
      386
      416
      366
      408
      396
      400
      400
      406
      412
      422
      430
      454
      424
      396
      416
      404
      456
      426
      454
      432
      406
      408
      384
      354
      314
      334
      292
      276
      320
      274
      272
      220
      234
      214
      204
      200
      188
      194
      208
      188
      194
      198
      188
      214
      184
      196
      182
      204
      170
      176
      190
      176
      194
      168
      184
      200
      180
      172
      168
      182
      176
      160
      186
      184
      154
      168
      162
      170
      162
      196
      164
      166
      178
      180
      194
      160
      172
      188
      168
      174
      180
      162
      196
      162
      172
      188
      178
      184
      158
      164
      190
      198
      178
      156
      178
      166
      168
      180
      184
      160
      144
      180
      176
      180
      176
      192
      192
      174
      192
      178
      186
      184
      174
      172
      194
      162
      190
      174
      192
      190
      204
      166
      184
      194
      214
      152
      188
      186
      216
      214
      190
      190
      214
      208
      230
      222
      194
      248
      230
      208
      230
      214
      224
      220
      232
      284
      282
      260
      266
      306
      300
      316
      298
      288
      348
      374
      376
      356
      368
      364
      414
      428
      468
      512
      536
      546
      578
      592
      652
      690
      688
      770
      826
      926
      908
     1052
     1078
     1158
     1276
     1334
     1446
     1590
     1774
     1892
     2076
     2214
     2382
     2494
     2602
     2592
     2680
     2496
     2518
     2454
     2306
     2114
     1862
     1718
     1424
     1328
     1194
     1046
      896
      824
      748
      700
      708
      704
      612
      708
      610
      608
      688
      670
      682
      752
      742
      818
      788
      884
      914
     1002
     1006
     1086
     1230
     1234
     1362
     1414
     1516
     1570
     1774
     1818
     1928
     1896
     1906
     1966
     2006
     1878
     1792
     1662
     1416
     1434
     1334
     1152
     1002
      908
      816
      712
      622
      568
      550
      432
      436
      410
      362
      326
      330
      314
      328
      266
      240
      294
      246
      260
      232
      256
      254
      242
      214
      242
      238
      226
      216
      228
      200
      198
      192
      202
      200
      200
      216
      198
      210
      198
      166
      194
      176
      224
      202
      196
      182
      196
      210
      166
      218
      190
      198
      190
      198
      226
      200
      188
      208
      216
      230
      206
      180
      244
      230
      214
      232
      244
      258
      254
      266
      296
      250
      266
      302
      294
      244
      290
      316
      328
      342
      336
      346
      366
      398
      386
      436
      440
      442
      496
      526
      536
      620
      638
      698
      740
      800
      832
      852
      904
     1000
     1106
     1174
     1220
     1326
     1392
     1516
     1620
     1632
     1730
     1782
     1762
     1852
     1794
     1826
     1774
     1694
     1688
     1618
     1514
     1394
     1304
     1238
     1114
      996
      934
      844
      776
      682
      584
      604
      518
      460
      448
      398
      370
      346
      316
      318
      294
      300
      274
      290
      254
      240
      254
      238
      208
      226
      220
      198
      202
      186
      210
      212
      196
      192
      172
      184
      186
      204
      190
      180
      198
      190
      178
      192
      186
      170
      174
      172
      150
      200
      192
      166
      194
      188
      152
      146
      162
      186
      154
      174
      152
      202
      178
      192
      168
      168
      176
      158
      198
      186
      182
      150
      168
      180
      160
      172
      186
      204
      186
      172
      190
      172
      180
      176
      188
      206
      176
      184
      152
      180
      192
      190
      190
      198
      194
      174
      204
      192
      178
      176
      204
      216
      196
      226
      208
      214
      226
      240
      262
      258
      244
      256
      284
      290
      280
      278
      328
      308
      340
      346
      352
      384
      372
      406
      432
      472
      452
      510
      494
      562
      596
      634
      660
      732
      762
      880
      934
      984
     1096
     1228
     1322
     1456
     1532
     1660
     1860
     2034
     2174
     2462
     2570
     2830
     3108
     3198
     3344
     3564
     3630
     3624
     3558
     3408
     3320
     3116
     2940
     2666
     2382
     2132
     1890
     1672
     1432
     1240
     1030
      902
      832
      718
      628
      586
      528
      504
      464
      438
      440
      416
      374
      386
      366
      330
      322
      308
      324
      290
      300
      260
      288
      250
      234
      232
      244
      218
      240
      226
      226
      230
      236
      220
      218
      204
      216
      206
      200
      188
      178
      186
      188
      194
      200
      174
      218
      194
      184
      202
      178
      188
      188
      156
      144
      160
      170
      150
      178
      168
      162
      160
      194
      182
      160
      170
      166
      182
      178
      176
      188
      178
      148
      208
      192
      166
      192
      166
      156
      170
      164
      156
      168
      172
      184
      158
      186
      182
      186
      174
      192
      182
      150
      186
      200
      182
      194
      160
      194
      182
      172
      186
      202
      206
      180
      174
      146
      180
      214
      184
      218
      220
      200
      206
      220
      198
      226
      248
      238
      206
      222
      254
      282
      266
      270
      286
      286
      312
      376
      342
      350
      348
      378
      360
      420
      438
      476
      494
      526
      546
      566
      642
      686
      734
      736
      774
      838
      928
      976
      966
      976
     1008
     1072
     1108
     1106
     1108
     1160
     1132
     1132
     1136
     1034
      952
      988
      868
      862
      858
      786
      774
      726
      642
      632
      596
      562
      550
      572
      554
      514
      540
      510
      492
      502
      528
      518
      482
      482
      480
      524
      558
      534
      548
      562
      576
      584
      630
      610
      624
      624
      614
      634
      662
      618
      628
      560
      564
      542
      500
      480
      422
      474
      430
      428
      406
      420
      408
      392
      452
      428
      406
      430
      402
      394
      454
      472
      448
      474
      444
      470
      512
      516
      524
      568
      580
      578
      576
      580
      570
      564
      584
      572
      558
      542
      534
      550
      472
      460
      504
      558
      522
      518
      544
      608
      640
      646
      620
      764
      770
      734
      850
      834
      908
      868
      918
      882
      854
      796
      776
      684
      696
      692
      598
      538
      532
      442
      478
      390
      364
      346
      328
      316
      270
      264
      266
      240
      256
      276
      242
      206
      220
      222
      204
      200
      208
      224
      210
      208
      178
      188
      200
      184
      198
      170
      176
      188
      174
      208
      196
      178
      202
      144
      178
      170
      158
      174
      162
      156
      180
      184
      162
      166
      168
      166
      162
      166
      170
      158
      222
      182
      164
      162
      180
      176
      178
      184
      180
      196
      210
      184
      180
      154
      156
      170
      196
      174
      182
      196
      168
      194
      180
      182
      176
      166
      194
      182
      194
      190
      214
      190
      182
      172
      186
      178
      186
      188
      192
      184
      216
      202
      176
      214
      182
      190
      210
      174
      176
      194
      184
      170
      186
      188
      198
      188
      176
      180
      200
      200
      198
      186
      198
      180
      184
      186
      178
      184
      180
      186
      180
      202
      182
      192
      202
      196
      202
      186
      208
      216
      200
      198
      190
      216
      222
      216
      236
      218
      254
      252
      270
      286
      278
      296
      292
      274
      334
      320
      318
      362
      352
      412
      388
      438
      496
      488
      498
      562
      642
      648
      674
      716
      784
      770
      788
      838
      916
      936
     1038
     1080
     1072
     1122
     1128
     1166
     1110
     1128
     1142
     1134
     1072
     1018
     1014
      996
      998
      862
      918
      796
      864
      746
      716
      668
      632
      582
      518
      500
      504
      478
      468
      418
      392
      362
      360
      366
      320
      330
      316
      290
      292
      312
      294
      302
      266
      256
      244
      224
      264
      276
      244
      244
      240
      244
      224
      224
      244
      244
      242
      234
      254
      230
      216
      234
      236
      208
      210
      234
      234
      220
      244
      218
      218
      240
      216
      218
      256
      210
      252
      242
      238
      262
      268
      270
      250
      232
      264
      248
      264
      262
      244
      270
      246
      254
      230
      236
      260
      228
      234
      236
      226
      212
      206
      218
      212
      196
      220
      200
      204
      206
      216
      192
      210
      216
      204
      212
      218
      218
      200
      202
      222
      222
      220
      232
      218
      236
      226
      270
      244
      274
      274
      280
      284
      282
      296
      254
      238
      266
      262
      252
      266
      286
      252
      240
      260
      286
      280
      288
      278
      302
      296
      300
      288
      294
      300
      282
      306
      300
      290
      314
      282
      306
      318
      274
      292
      304
      268
      296
      276
      256
      236
      234
      264
      254
      274
      238
      272
      252
      260
      262
      276
      282
      250
      294
      296
      292
      334
      332
      358
      350
      388
      382
      434
      410
      460
      506
      506
      504
      584
      578
      654
      626
      584
      662
      642
      612
      636
      600
      630
      596
      562
      620
      608
      616
      556
      560
      572
      560
      588
      534
      586
      606
      570
      584
      606
      582
      628
      652
      604
      604
      568
      598
      560
      584
      506
      540
      526
      554
      510
      462
      530
      448
      514
      498
      460
      466
      488
      486
      460
      544
      504
      530
      548
      564
      624
      662
      676
      758
      768
      868
      896
      920
     1022
     1074
     1160
     1228
     1384
     1402
     1532
     1682
     1692
     1896
     2110
     2178
     2254
     2482
     2532
     2638
     2772
     2906
     3148
     3288
     3368
     3422
     3540
     3586
     3628
     3726
     3714
     3562
     3620
     3584
     3426
     3204
     3154
     3126
     2854
     2726
     2640
     2362
     2238
     2078
     2004
     1904
     1818
     1800
     1670
     1736
     1626
     1604
     1614
     1612
     1630
     1688
     1716
     1850
     1890
     1958
     1926
     2196
     2190
     2332
     2310
     2452
     2466
     2600
     2610
     2736
     2792
     2750
     2730
     2698
     2706
     2510
     2348
     2430
     2268
     2078
     2030
     1992
     1814
     1724
     1640
     1566
     1542
     1506
     1484
     1506
     1550
     1462
     1504
     1622
     1548
     1658
     1728
     1668
     1728
     1630
     1586
     1522
     1480
     1426
     1350
     1260
     1206
     1088
      986
      938
      830
      752
      666
      650
      602
      550
      478
      442
      440
      368
      378
      398
      336
      352
      340
      292
      284
      316
      300
      292
      272
      284
      306
      296
      306
      260
      272
      266
      274
      262
      216
      258
      240
      244
      272
      266
      278
      236
      258
      256
      272
      270
      246
      218
      300
      282
      276
      286
      282
      302
      306
      300
      338
      304
      324
      320
      298
      344
      330
      362
      362
      376
      364
      360
      416
      426
      420
      474
      450
      500
      520
      572
      602
      698
      698
      736
      778
      878
      910
      988
     1022
     1160
     1198
     1252
     1442
     1448
     1624
     1638
     1696
     1774
     1934
     1848
     1862
     1842
     1750
     1720
     1620
     1674
     1530
     1472
     1406
     1326
     1264
     1182
      998
     1008
      952
      936
      872
      820
      830
      858
      796
      852
      836
      814
      858
      968
      910
      958
     1004
     1026
     1142
     1258
     1294
     1390
     1488
     1544
     1712
     1858
     1994
     2210
     2452
     2650
     2940
     3078
     3416
     3586
     3926
     4168
     4592
     5004
     5120
     5568
     5698
     5808
     6092
     6288
     6212
     6184
     6096
     6020
     5796
     5670
     5444
     5018
     4642
     4394
     4178
     3810
     3548
     3170
     3018
     2610
     2522
     2274
     2072
     1816
     1808
     1518
     1480
     1346
     1148
     1208
     1050
      994
      956
      964
      926
      882
      792
      838
      796
      842
      854
      800
      832
      812
      810
      814
      874
      982
     1002
      924
     1084
     1062
     1074
     1100
     1218
     1268
     1244
     1254
     1232
     1220
     1204
     1160
     1038
     1110
      986
     1018
      914
      896
      808
      756
      696
      688
      616
      598
      474
      492
      462
      430
      396
      394
      340
      334
      324
      296
      320
      308
      272
      292
      276
      270
      256
      256
      276
      236
      208
      210
      220
      230
      204
      224
      224
      184
      206
      210
      178
      196
      228
      198
      224
      224
      188
      188
      182
      200
      202
      192
      198
      184
      170
      220
      202
      168
      194
      162
      190
      192
      194
      176
      196
      188
      180
      210
      182
      192
      184
      192
      164
      178
      190
      180
      184
      220
      186
      170
      196
      210
      182
      178
      198
      188
      204
      190
      188
      184
      194
      196
      172
      228
      180
      208
      200
      196
      202
      176
      186
      214
      172
      212
      186
      208
      178
      196
      194
      202
      184
      220
      216
      200
      214
      222
      252
      220
      214
      226
      220
      250
      246
      250
      282
      274
      272
      280
      320
      304
      320
      268
      348
      304
      360
      322
      302
      312
      302
      302
      288
      268
      290
      226
      274
      286
      272
      268
      278
      282
      260
      252
      258
      214
      248
      228
      250
      242
      232
      218
      246
      224
      238
      246
      214
      244
      238
      226
      240
      256
      234
      224
      198
      216
      230
      208
      232
      214
      214
      236
      226
      232
      228
      204
      224
      236
      250
      208
      216
      220
      196
      214
      224
      226
      242
      256
      236
      218
      212
      220
      238
      206
      206
      214
      242
      244
      234
      262
      234
      206
      248
      270
      248
      254
      286
      234
      258
      250
      262
      248
      248
      210
      266
      244
      268
      212
      238
      246
      242
      212
      228
      234
      238
      234
      214
      246
      216
      192
      228
      246
      228
      260
      212
      240
      174
      268
      230
      218
      200
      220
      254
      230
      246
      248
      238
      242
      240
      214
      250
      250
      244
      246
      230
      266
      274
      272
      280
      278
      264
      306
      288
      312
      324
      300
      320
      326
      358
      356
      366
      354
      374
      398
      412
      390
      468
      452
      468
      474
      544
      506
      494
      552
      622
      616
      620
      622
      660
      664
      686
      670
      644
      666
      614
      646
      630
      624
      588
      582
      568
      514
      472
      438
      480
      380
      404
      390
      372
      370
      324
      354
      336
      324
      286
      298
      336
      330
      282
      300
      306
      296
      258
      310
      300
      296
      274
      306
      322
      286
      352
      318
      336
      322
      344
      350
      368
      390
      378
      446
      390
      386
      424
      424
      530
      516
      594
      620
      632
      640
      692
      796
      812
      860
      900
     1038
     1070
     1122
     1236
     1308
     1328
     1356
     1486
     1510
     1514
     1628
     1562
     1660
     1544
     1544
     1516
     1444
     1456
     1366
     1366
     1314
     1220
     1200
     1180
     1126
     1094
     1020
      994
      930
      918
      894
      882
      932
      820
      854
      876
      872
      838
      838
      806
      792
      812
      798
      776
      704
      706
      696
      692
      712
      610
      660
      570
      620
      628
      644
      634
      612
      602
      542
      558
      534
      566
      536
      524
      496
      558
      498
      546
      492
      514
      538
      540
      556
      546
      528
      556
      508
      606
      568
      540
      614
      582
      564
      584
      560
      578
      584
      588
      566
      610
      586
      572
      600
      606
      578
      610
      618
      568
      660
      620
      680
      704
      702
      750
      724
      834
      846
      916
      918
     1002
     1070
     1138
     1272
     1308
     1464
     1550
     1574
     1762
     1800
     1776
     1936
     1904
     2006
     1980
     2006
     1940
     1986
     1888
     1812
     1792
     1728
     1656
     1646
     1622
     1530
     1478
     1394
     1338
     1244
     1224
     1154
     1156
     1074
     1148
     1126
     1122
     1134
     1118
     1162
     1206
     1252
     1440
     1354
     1488
     1610
     1726
     1818
     1926
     2080
     2238
     2300
     2576
     2616
     2990
     3060
     3292
     3310
     3474
     3486
     3560
     3630
     3744
     3756
     3772
     3832
     3846
     3796
     3834
     3912
     3854
     3842
     3798
     3854
     3782
     3620
     3740
     3820
     3782
     3774
     3666
     3580
     3674
     3674
     3620
     3534
     3424
     3476
     3356
     3274
     3108
     2886
     2924
     2708
     2572
     2488
     2260
     2110
     2068
     1874
     1870
     1784
     1602
     1520
     1458
     1320
     1342
     1238
     1218
     1196
     1200
     1240
     1164
     1184
     1118
     1262
     1198
     1296
     1296
     1348
     1330
     1454
     1402
     1350
     1406
     1428
     1360
     1416
     1296
     1276
     1242
     1272
     1240
     1200
     1166
     1134
     1064
     1106
     1068
     1036
      990
      996
     1014
      994
     1004
      948
      964
      938
      952
      934
      944
      922
      906
      882
      874
      910
      880
      882
      906
      872
      934
      906
      892
      926
      966
      960
     1000
     1002
     1072
     1078
     1166
     1240
     1324
     1416
     1474
     1538
     1594
     1644
     1830
     1864
     1890
     1940
     1974
     1978
     1936
     1852
     1924
     1782
     1634
     1638
     1556
     1512
     1388
     1372
     1284
     1218
     1188
     1046
      960
      926
      882
      832
      742
      788
      692
      682
      638
      672
      620
      630
      618
      604
      614
      602
      604
      668
      622
      666
      632
      688
      730
      740
      774
      794
      824
      846
      868
      868
      928
      924
      934
     1004
      890
      956
      964
      928
      888
      910
      892
      842
      762
      840
      788
      774
      782
      806
      750
      738
      748
      706
      692
      710
      728
      744
      738
      784
      776
      876
      836
      876
      946
      930
     1074
     1028
     1070
     1112
     1102
     1202
     1278
     1268
     1258
     1274
     1242
     1312
     1244
     1222
     1136
     1146
     1238
     1124
     1170
     1114
     1062
     1000
      996
      906
      862
      776
      760
      780
      702
      672
      682
      588
      586
      610
      590
      510
      562
      518
      500
      496
      488
      482
      434
      450
      456
      506
      462
      486
      502
      484
      544
      514
      532
      524
      568
      578
      556
      658
      662
      668
      716
      790
      786
      838
      842
      936
      976
     1006
     1026
     1096
     1126
     1092
     1200
     1212
     1272
     1310
     1362
     1398
     1444
     1452
     1510
     1442
     1450
     1396
     1448
     1408
     1462
     1388
     1364
     1344
     1344
     1294
     1274
     1152
     1262
     1298
     1168
     1196
     1184
     1154
     1100
     1106
     1000
     1078
     1022
      996
     1050
      968
      948
      904
      820
      902
      812
      798
      832
      830
      782
      784
      796
      772
      806
      780
      790
      834
      828
      860
      916
      972
      956
     1042
     1026
     1120
     1090
     1134
     1188
     1300
     1364
     1328
     1398
     1368
     1448
     1484
     1390
     1426
     1438
     1362
     1364
     1370
     1278
     1210
     1142
     1064
     1022
     1046
     1006
      958
      840
      806
      788
      712
      718
      622
      572
      568
      494
      514
      460
      444
      456
      422
      418
      406
      392
      378
      382
      352
      338
      352
      336
      350
      322
      324
      330
      314
      316
      292
      284
      270
      278
      274
      302
      282
      290
      246
      260
      260
      272
      248
      246
      266
      276
      256
      272
      248
      248
      272
      256
      252
      248
      242
      240
      286
      276
      264
      268
      236
      300
      244
      250
      272
      252
      274
      300
      254
      282
      300
      300
      306
      292
      310
      284
      320
      318
      334
      320
      334
      346
      324
      340
      384
      364
      370
      378
      384
      450
      420
      452
      484
      524
      526
      556
      538
      556
      632
      666
      708
      734
      820
      854
      946
     1004
     1014
     1100
     1144
     1254
     1340
     1330
     1428
     1432
     1520
     1398
     1402
     1474
     1386
     1388
     1410
     1476
     1394
     1354
     1254
     1210
     1172
     1118
     1020
     1030
      990
      896
      826
      922
      790
      782
      718
      674
      682
      658
      634
      596
      520
      520
      524
      522
      448
      468
      446
      432
      420
      404
      402
      434
      402
      380
      392
      404
      378
      412
      376
      408
      376
      442
      408
      416
      464
      486
      484
      484
      534
      506
      536
      542
      514
      566
      566
      540
      556
      598
      604
      592
      550
      526
      538
      516
      520
      500
      476
      508
      462
      510
      488
      426
      440
      430
      414
      368
      398
      392
      380
      362
      378
      342
      336
      374
      352
      332
      342
      304
      356
      342
      338
      318
      324
      338
      364
      332
      332
      340
      394
      356
      424
      386
      358
      436
      396
      370
      420
      406
      398
      412
      414
      384
      464
      380
      404
      370
      408
      368
      376
      352
      376
      366
      364
      340
      372
      376
      346
      340
      348
      334
      314
      316
      314
      342
      366
      350
      382
      392
      380
      366
      380
      384
      406
      422
      440
      444
      456
      436
      432
      430
      464
      464
      470
      576
      590
      600
      612
      668
      676
      726
      742
      758
      792
      832
      910
      912
     1034
      984
      998
     1142
     1142
     1238
     1356
     1314
     1340
     1410
     1478
     1430
     1480
     1518
     1510
     1576
     1604
     1568
     1596
     1666
     1626
     1586
     1506
     1582
     1604
     1546
     1614
     1524
     1504
     1436
     1488
     1438
     1432
     1412
     1406
     1350
     1296
     1282
     1288
     1246
     1172
     1148
     1144
     1078
     1002
     1010
     1006
     1028
      946
      916
      932
      916
      900
      876
      858
      838
      814
      826
      792
      802
      774
      744
      734
      690
      680
      670
      718
      678
      672
      660
      728
      642
      684
      666
      688
      678
      706
      676
      740
      702
      680
      684
      716
      742
      704
      700
      692
      670
      738
      696
      676
      740
      670
      694
      704
      662
      630
      698
      638
      724
      680
      638
      638
      648
      606
      640
      636
      658
      704
      672
      724
      752
      734
      752
      778
      832
      834
      872
      888
      820
      882
      868
      902
      876
      942
      878
      876
      902
      988
      898
      990
      920
      896
      956
      928
      890
      954
      936
      934
      922
      920
      960
      936
      978
     1026
     1004
     1076
     1104
     1114
     1166
     1280
     1192
     1354
     1422
     1506
     1544
     1682
     1846
     1956
     2020
     2194
     2344
     2458
     2650
     2952
     3104
     3372
     3596
     3938
     4142
     4462
     4696
     4980
     5430
     5530
     5948
     5940
     6216
     6174
     6264
     6394
     6338
     6258
     6132
     5918
     5662
     5550
     5288
     5000
     4924
     4580
     4402
     4206
     4044
     3716
     3634
     3248
     3132
     2892
     2566
     2370
     2194
     1972
     1890
     1760
     1596
     1530
     1358
     1318
     1274
     1200
     1080
     1010
      954
      938
      932
      852
      846
      792
      732
      698
      702
      696
      648
      596
      576
      560
      596
      524
      482
      484
      466
      462
      506
      426
      458
      392
      430
      418
      430
      410
      390
      396
      384
      388
      412
      352
      334
      394
      366
      368
      346
      362
      328
      342
      320
      320
      330
      374
      326
      330
      340
      336
      326
      360
      314
      372
      338
      360
      358
      356
      344
      364
      372
      360
      394
      420
      388
      448
      448
      458
      480
      486
      512
      510
      520
      570
      574
      556
      616
      598
      650
      584
      608
      666
      654
      648
      610
      560
      590
      594
      592
      602
      550
      550
      554
      538
      542
      544
      480
      524
      526
      484
      520
      518
      522
      568
      578
      570
      554
      528
      600
      602
      616
      670
      646
      660
      694
      718
      700
      734
      716
      692
      718
      706
      704
      734
      712
      790
      754
      708
      744
      698
      720
      698
      744
      724
      730
      676
      774
      762
      766
      814
      854
      862
      788
      888
      900
      876
      902
      920
      900
      990
      964
     1012
      934
     1026
     1044
     1016
     1022
     1068
     1034
     1036
      996
     1020
      878
      940
      934
      936
      898
      858
      906
      830
      794
      786
      786
      762
      758
      740
      758
      674
      642
      668
      630
      592
      594
      516
      536
      528
      488
      464
      474
      440
      462
      450
      424
      454
      436
      384
      378
      360
      330
      370
      338
      326
      314
      320
      332
      296
      300
      312
      302
      306
      290
      304
      286
      250
      292
      288
      262
      292
      272
      266
      256
      286
      270
      258
      274
      254
      272
      286
      252
      248
      254
      270
      272
      268
      224
      218
      234
      240
      238
      242
      262
      274
      274
      278
      242
      254
      266
      262
      252
      246
      256
      280
      278
      246
      258
      288
      292
      260
      310
      302
      274
      300
      268
      272
      336
      336
      270
      306
      294
      308
      320
      356
      348
      334
      368
      344
      374
      362
      382
      360
      398
      412
      408
      462
      442
      430
      464
      428
      448
      454
      480
      460
      462
      500
      468
      504
      504
      516
      526
      564
      574
      598
      614
      576
      624
      652
      654
      720
      710
      748
      822
      826
      830
      790
      840
      850
      952
      912
     1046
     1068
     1030
     1136
     1074
     1174
     1184
     1166
     1126
     1136
     1222
     1220
     1294
     1298
     1194
     1168
     1304
     1220
     1258
     1214
     1268
     1298
     1274
     1274
     1260
     1286
     1414
     1406
     1394
     1354
     1474
     1556
     1550
     1486
     1504
     1570
     1474
     1526
     1498
     1420
     1314
     1354
     1352
     1324
     1282
     1254
     1314
     1318
     1280
     1270
     1270
     1350
     1284
     1228
     1294
     1260
     1256
     1242
     1282
     1254
     1296
     1252
     1280
     1322
     1302
     1246
     1250
     1192
     1184
     1180
     1102
     1170
     1146
     1198
     1162
     1142
     1118
     1056
     1090
     1054
     1068
     1058
     1050
     1074
     1040
     1028
     1128
     1090
     1114
     1166
     1194
     1242
     1322
     1232
     1348
     1458
     1500
     1538
     1470
     1548
     1484
     1480
     1480
     1380
     1396
     1414
     1354
     1320
     1288
     1326
     1320
     1300
     1230
     1262
     1258
     1230
     1230
     1130
     1080
     1106
     1052
     1020
      984
      910
      956
      878
      832
      822
      846
      922
      862
      852
      828
      828
      782
      846
      790
      828
      844
      834
      802
      894
      894
      900
      918
      928
      910
      924
      900
     1000
      988
      984
      950
     1040
     1078
     1044
     1056
     1132
     1116
     1160
     1164
     1158
     1172
     1178
     1186
     1198
     1230
     1206
     1210
     1186
     1214
     1202
     1198
     1208
     1130
     1236
     1190
     1166
     1232
     1210
     1234
     1154
     1178
     1152
     1104
     1064
     1000
     1036
      904
      930
      890
      902
      808
      858
      806
      844
      788
      760
      776
      668
      616
      702
      658
      620
      620
      582
      626
      604
      546
      588
      544
      552
      584
      596
      608
      602
      672
      594
      638
      648
      670
      682
      756
      790
      794
      868
      888
      922
      924
      964
     1032
      998
     1044
      994
     1082
     1126
     1118
     1134
     1052
     1166
     1082
     1188
     1172
     1098
     1108
     1112
     1154
     1092
     1008
     1060
     1040
     1002
     1024
      956
      864
      906
      842
      828
      858
      802
      750
      774
      726
      776
      694
      718
      644
      620
      624
      642
      596
      588
      594
      574
      608
      610
      596
      630
      580
      592
      600
      640
      598
      670
      678
      658
      670
      734
      760
      808
      884
      922
      962
      944
     1040
     1076
     1108
     1202
     1188
     1290
     1298
     1342
     1384
     1408
     1324
     1388
     1346
     1326
     1366
     1356
     1266
     1224
     1176
     1156
     1248
     1130
     1100
     1110
     1050
      924
      998
      914
      852
      826
      826
      788
      784
      718
      738
      624
      662
      640
      556
      620
      552
      586
      526
      534
      468
      516
      522
      518
      486
      462
      476
      506
      504
      504
      460
      512
      488
      526
      488
      484
      470
      460
      486
      476
      436
      486
      484
      452
      428
      466
      424
      426
      442
      468
      450
      392
      412
      444
      366
      422
      382
      380
      386
      362
      380
      372
      360
      334
      370
      370
      366
      358
      360
      368
      344
      352
      366
      352
      368
      364
      396
      352
      356
      366
      394
      380
      406
      378
      386
      380
      406
      362
      402
      386
      390
      414
      440
      424
      466
      402
      436
      416
      420
      438
      432
      408
      460
      464
      434
      492
      464
      494
      468
      460
      490
      470
      534
      548
      584
      548
      568
      594
      556
      576
      626
      612
      640
      602
      654
      646
      694
      682
      690
      684
      686
      756
      736
      764
      754
      774
      760
      750
      770
      750
      728
      750
      786
      776
      750
      768
      778
      726
      764
      768
      722
      842
      748
      812
      784
      836
      794
      804
      792
      796
      786
      864
      820
      814
      848
      794
      832
      844
      814
      852
      854
      832
      866
      882
      848
      894
      900
      854
      816
      822
      862
      840
      854
      818
      754
      774
      828
      784
      752
      754
      728
      712
      726
      702
      692
      668
      684
      704
      662
      622
      610
      574
      568
      588
      546
      532
      514
      476
      466
      490
      490
      494
      458
      448
      402
      384
      388
      430
      394
      374
      362
      382
      356
      296
      350
      346
      344
      324
      304
      350
      308
      304
      324
      280
      306
      308
      272
      282
      266
      284
      246
      286
      248
      296
      266
      254
      242
      260
      256
      262
      270
      254
      260
      226
      258
      234
      272
      254
      240
      228
      236
      262
      212
      236
      236
      240
      222
      246
      242
      242
      228
      224
      262
      214
      232
      230
      252
      244
      246
      256
      270
      212
      242
      218
      234
      240
      236
      232
      264
      272
      268
      244
      252
      260
      254
      248
      254
      248
      276
      266
      270
      268
      228
      258
      288
      244
      222
      238
      252
      284
      274
      290
      258
      284
      280
      292
      332
      306
      308
      288
      322
      284
      318
      342
      322
      344
      320
      352
      334
      368
      370
      354
      356
      394
      358
      364
      396
      366
      384
      374
      426
      412
      424
      406
      386
      402
      392
      408
      426
      418
      400
      396
      388
      420
      376
      418
      420
      430
      424
      416
      422
      448
      424
      452
      452
      472
      472
      484
      436
      508
      476
      474
      488
      518
      548
      550
      600
      600
      588
      596
      640
      678
      710
      766
      764
      844
      884
      828
      946
      978
      996
     1086
     1054
     1160
     1170
     1174
     1144
     1174
     1240
     1244
     1232
     1200
     1184
     1288
     1218
     1160
     1132
     1058
     1042
     1066
     1074
     1094
     1122
     1048
     1066
     1042
     1066
      996
      988
     1060
     1082
     1068
     1110
     1066
     1134
     1094
     1104
     1152
     1206
     1172
     1254
     1226
     1192
     1232
     1264
     1204
     1282
     1262
     1170
     1216
     1170
     1118
     1122
     1110
     1076
     1052
     1016
     1004
     1002
      924
      920
      934
      900
      870
      890
      806
      820
      762
      788
      710
      640
      662
      676
      676
      632
      624
      596
      582
      582
      574
      614
      606
      566
      552
      582
      548
      618
      594
      608
      550
      600
      616
      666
      684
      700
      706
      762
      736
      804
      786
      782
      860
      884
      912
      886
      938
      970
     1012
     1022
     1092
     1138
     1166
     1200
     1212
     1238
     1336
     1366
     1340
     1402
     1474
     1432
     1638
     1528
     1688
     1682
     1766
     1716
     1782
     1820
     1892
     2030
     1934
     1972
     2106
     2084
     2000
     2150
     2296
     2386
     2308
     2336
     2338
     2420
     2446
     2426
     2348
     2374
     2364
     2266
     2256
     2236
     2234
     2196
     2144
     2114
     2030
     2020
     2096
     1896
     1756
     1808
     1690
     1620
     1562
     1542
     1516
     1420
     1364
     1316
     1276
     1214
     1196
     1136
     1116
     1018
      970
      964
      966
      922
      858
      826
      798
      768
      734
      716
      660
      702
      718
      666
      654
      716
      654
      656
      666
      634
      660
      666
      680
      658
      686
      662
      700
      702
      672
      744
      778
      770
      758
      786
      778
      844
      850
      884
      830
      848
      882
      844
      884
      912
      914
      834
      796
      886
      784
      826
      840
      916
      832
      860
      838
      896
      864
      872
      860
      872
      870
      894
      860
      896
      916
      894
      936
      914
      938
      954
      934
      970
     1010
     1022
     1006
     1072
     1088
     1130
     1114
     1076
     1088
     1042
     1068
     1062
     1048
     1034
     1022
      942
      974
      974
      926
      934
      940
      950
      942
      880
      912
      904
      884
      916
      908
      924
      910
      872
      874
      886
      828
      852
      806
      750
      704
      686
      692
      684
      652
      670
      600
      552
      592
      550
      586
      574
      558
      560
      542
      538
      530
      518
      502
      452
      448
      436
      468
      434
      452
      388
      458
      386
      384
      436
      392
      384
      408
      420
      432
      420
      420
      408
      396
      384
      398
      454
      400
      426
      438
      434
      458
      432
      468
      454
      410
      434
      410
      422
      416
      448
      426
      450
      424
      436
      460
      472
      444
      498
      424
      442
      442
      456
      452
      442
      462
      498
      526
      496
      466
      524
      568
      552
      538
      590
      602
      628
      688
      636
      686
      706
      710
      742
      758
      806
      824
      788
      736
      842
      872
      782
      834
      838
      816
      784
      802
      832
      820
      806
      854
      792
      806
      822
      804
      766
      788
      776
      792
      748
      714
      718
      776
      702
      780
      782
      764
      734
      722
      776
      736
      714
      736
      746
      726
      748
      796
      782
      744
      740
      842
      768
      794
      804
      782
      830
      764
      844
      804
      854
      824
      830
      864
      800
      792
      710
      794
      790
      714
      750
      736
      728
      718
      634
      698
      668
      686
      660
      624
      622
      602
      618
      584
      572
      598
      570
      540
      536
      526
      522
      546
      514
      538
      480
      500
      476
      470
      474
      518
      486
      478
      430
      454
      476
      490
      500
      470
      460
      486
      506
      458
      468
      434
      450
      462
      420
      468
      470
      458
      446
      468
      478
      424
      420
      430
      432
      444
      454
      388
      428
      430
      400
      420
      420
      404
      404
      438
      398
      384
      448
      398
      368
      370
      376
      358
      338
      354
      324
      340
      328
      360
      326
      350
      320
      330
      370
      330
      322
      310
      364
      318
      354
      310
      348
      334
      346
      366
      312
      326
      348
      318
      364
      336
      330
      336
      342
      330
      360
      316
      354
      328
      318
      312
      328
      342
      326
      338
      356
      348
      324
      364
      320
      338
      342
      308
      356
      334
      314
      324
      344
      324
      332
      318
      350
      292
      300
      304
      300
      328
      310
      312
      272
      280
      270
      286
      286
      272
      314
      268
      266
      264
      248
      264
      240
      250
      234
      258
      254
      214
      230
      246
      240
      226
      232
      220
      210
      236
      266
      196
      220
      226
      226
      218
      206
      238
      250
      236
      246
      226
      246
      232
      232
      218
      234
      284
      242
      258
      264
      270
      254
      262
      264
      288
      280
      280
      296
      304
      314
      322
      294
      340
      344
      342
      348
      342
      346
      350
      404
      414
      400
      430
      422
      432
      474
      428
      488
      512
      492
      488
      498
      498
      484
      504
      478
      504
      476
      502
      470
      482
      458
      460
      474
      486
      420
      470
      408
      412
      442
      428
      416
      400
      412
      388
      416
      396
      374
      390
      350
      356
      348
      310
      340
      306
      322
      336
      306
      306
      278
      270
      290
      288
      288
      308
      290
      280
      300
      270
      286
      274
      288
      260
      312
      276
      276
      276
      306
      316
      302
      302
      318
      332
      298
      294
      318
      312
      332
      332
      338
      320
      284
      244
      296
      268
      288
      286
      280
      264
      282
      244
      262
      248
      268
      252
      230
      222
      252
      246
      250
      256
      228
      228
      270
      248
      242
      230
      238
      220
      206
      204
      220
      216
      224
      226
      236
      218
      234
      226
      204
      238
      220
      244
      220
      242
      230
      282
      234
      242
      246
      276
      270
      256
      286
      286
      278
      312
      292
      328
      328
      334
      326
      302
      366
      340
      364
      352
      356
      402
      372
      404
      386
      416
      368
      392
      438
      402
      404
      400
      386
      380
      408
      386
      340
      388
      394
      430
      388
      414
      350
      384
      356
      322
      370
      346
      320
      336
      308
      348
      336
      350
      348
      320
      328
      332
      298
      348
      286
      328
      310
      310
      284
      322
      250
      272
      296
      306
      294
      286
      298
      284
      270
      272
      274
      282
      278
      282
      288
      310
      290
      276
      282
      278
      270
      270
      278
      290
      274
      278
      264
      262
      254
      256
      260
      246
      234
      252
      250
      260
      234
      238
      234
      262
      206
      240
      220
      238
      226
      230
      232
      230
      252
      220
      236
      252
      242
      236
      210
      224
      234
      226
      238
      258
      240
      236
      256
      266
      262
      282
      240
      280
      256
      294
      282
      288
      290
      276
      310
      326
      310
      324
      342
      348
      358
      368
      384
      392
      340
      434
      430
      416
      488
      478
      422
      508
      518
      526
      514
      558
      536
      574
      554
      584
      600
      668
      618
      646
      612
      654
      646
      626
      692
      676
      732
      672
      728
      784
      768
      756
      802
      786
      782
      764
      776
      732
      802
      760
      766
      760
      748
      716
      722
      704
      680
      688
      710
      670
      620
      622
      602
      630
      596
      636
      612
      602
      566
      574
      516
      558
      512
      516
      504
      488
      470
      466
      458
      412
      420
      420
      372
      410
      418
      376
      374
      380
      358
      368
      368
      298
      332
      320
      318
      300
      314
      294
      314
      292
      276
      304
      310
      312
      300
      268
      274
      270
      300
      280
      262
      260
      290
      282
      308
      260
      290
      276
      262
      258
      226
      280
      278
      278
      248
      280
      258
      290
      266
      274
      260
      286
      268
      310
      270
      288
      306
      284
      312
      294
      336
      354
      360
      368
      354
      378
      368
      362
      390
      396
      396
      438
      484
      474
      492
      492
      520
      534
      582
      580
      650
      624
      658
      704
      708
      756
      768
      786
      812
      814
      790
      854
      860
      902
      906
      846
      886
      894
      918
      878
      930
      944
      922
      916
      912
      832
      824
      882
      860
      854
      830
      830
      774
      764
      780
      740
      776
      730
      652
      676
      694
      662
      616
      606
      546
      548
      548
      532
      494
      502
      530
      496
      438
      448
      474
      458
      410
      410
      408
      388
      364
      352
      352
      408
      340
      332
      352
      316
      316
      328
      328
      310
      318
      300
      282
      310
      284
      284
      260
      284
      292
      278
      280
      276
      264
      270
      292
      278
      264
      272
      270
      266
      258
      252
      268
      260
      282
      256
      288
      258
      248
      276
      270
      280
      250
      292
      260
      296
      266
      280
      280
      300
      298
      296
      278
      282
      312
      318
      330
      298
      338
      306
      334
      342
      310
      364
      316
      378
      356
      360
      400
      392
      418
      398
      420
      424
      428
      428
      398
      414
      450
      434
      414
      430
      426
      416
      410
      380
      390
      390
      388
      404
      390
      380
      376
      372
      372
      356
      386
      346
      374
      336
      344
      320
      318
      310
      316
      322
      324
      278
      302
      296
      316
      282
      282
      268
      296
      282
      292
      278
      294
      304
      266
      274
      282
      284
      298
      222
      262
      274
      228
      270
      248
      256
      274
      244
      258
      266
      276
      252
      260
      254
      262
      238
      258
      242
      266
      232
      246
      264
      264
      264
      240
      260
      246
      278
      248
      256
      254
      266
      270
      290
      262
      272
      268
      268
      268
      258
      268
      264
      254
      266
      242
      250
      266
      252
      228
      284
      236
      230
      284
      254
      222
      250
      232
      224
      206
      266
      222
      262
      234
      246
      232
      254
      220
      222
      246
      242
      222
      222
      232
      248
      232
      186
      228
      224
      204
      212
      216
      194
      224
      220
      190
      228
      220
      206
      212
      228
      218
      210
      222
      208
      236
      228
      230
      232
      214
      224
      230
      216
      214
      222
      224
      238
      210
      254
      192
      232
      196
      206
      212
      230
      222
      214
      212
      226
      220
      236
      250
      230
      244
      246
      204
      244
      214
      230
      262
      250
      236
      256
      214
      244
      260
      250
      284
      260
      300
      254
      314
      318
      306
      280
      326
      344
      364
      348
      396
      350
      364
      394
      420
      410
      406
      470
      404
      420
      438
      490
      452
      494
      456
      486
      474
      484
      484
      452
      464
      494
      480
      486
      484
      450
      458
      472
      486
      490
      494
      456
      470
      458
      480
      418
      446
      444
      438
      416
      418
      452
      434
      426
      372
      382
      448
      386
      368
      388
      372
      384
      346
      390
      350
      388
      368
      382
      360
      378
      354
      388
      394
      336
      336
      352
      334
      338
      360
      336
      344
      344
      346
      316
      344
      334
      362
      368
      382
      366
      390
      366
      406
      406
      446
      384
      418
      420
      370
      386
      418
      400
      386
      404
      452
      400
      436
      448
      452
      432
      424
      482
      398
      448
      462
      428
      422
      438
      470
      440
      440
      480
      386
      434
      430
      442
      426
      424
      426
      416
      406
      408
      386
      454
      434
      422
      388
      434
      406
      400
      378
      398
      410
      416
      388
      388
      380
      380
      372
      384
      380
      360
      374
      366
      358
      366
      376
      414
      330
      384
      368
      374
      358
      366
      368
      380
      322
      318
      328
      338
      296
      304
      308
      318
      298
      294
      322
      268
      300
      296
      314
      274
      286
      302
      288
      262
      260
      268
      256
      252
      238
      224
      268
      256
      234
      264
      258
      208
      218
      214
      220
      248
      226
      204
      220
      214
      170
      204
      196
      198
      208
      212
      194
      206
      192
      194
      176
      182
      206
      186
      214
      184
      216
      176
      212
      206
      190
      198
      192
      214
      210
      190
      190
      186
      224
      202
      210
      202
      224
      202
      216
      210
      216
      192
      186
      194
      196
      206
      194
      230
      202
      220
      184
      200
      200
      204
      232
      222
      218
      216
      204
      228
      226
      258
      228
      222
      208
      208
      196
      196
      208
      220
      236
      234
      242
      226
      210
      254
      238
      246
      254
      242
      258
      256
      256
      260
      296
      252
      276
      250
      268
      250
      254
      248
      248
      254
      256
      274
      240
      280
      266
      284
      278
      310
      258
      256
      276
      276
      252
      252
      230
      248
      232
      238
      222
      238
      192
      242
      224
      234
      220
      230
      244
      198
      230
      206
      208
      200
      248
      200
      222
      212
      242
      212
      200
      200
      212
      212
      206
      216
      226
      206
      208
      226
      200
      186
      196
      204
      184
      202
      220
      166
      190
      204
      176
      212
      194
      190
      238
      210
      192
      206
      204
      190
      198
      194
      178
      192
      204
      190
      184
      190
      192
      204
      180
      172
      176
      200
      246
      196
      206
      194
      214
      208
      190
      220
      186
      178
      216
      214
      176
      194
      184
      220
      214
      184
      220
      192
      194
      212
      172
      214
      184
      170
      202
      222
      198
      222
      190
      192
      184
      198
      216
      198
      190
      226
      200
      208
      204
      206
      190
      174
      214
      196
      206
      194
      220
      182
      194
      188
      190
      206
      222
      208
      194
      206
      182
      214
      202
      222
      216
      216
      208
      210
      202
      212
      216
      184
      210
      192
      226
      210
      212
      208
      208
      222
      196
      208
      224
      210
      218
      204
      234
      262
      248
      220
      242
      198
      200
      240
      222
      250
      216
      220
      228
      252
      248
      224
      226
      232
      246
      220
      226
      272
      202
      256
      276
      224
      238
      224
      248
      252
      282
      234
      254
      276
      250
      282
      300
      290
      270
      236
      266
      304
      312
      300
      330
      292
      292
      318
      320
      320
      300
      318
      312
      304
      324
      318
      282
      306
      346
      300
      342
      300
      312
      324
      336
      350
      354
      328
      360
      340
      348
      360
      364
      376
      420
      358
      358
      334
      390
      368
      354
      396
      362
      362
      362
      344
      332
      330
      326
      320
      346
      308
      332
      296
      298
      332
      310
      316
      278
      318
      340
      296
      312
      296
      304
      256
      288
      288
      306
      252
      274
      250
      258
      302
      262
      224
      256
      222
      252
      252
      266
      258
      258
      276
      252
      250
      284
      228
      250
      284
      282
      274
      268
      244
      240
      332
      314
      294
      302
      276
      304
      366
      312
      328
      364
      320
      334
      354
      372
      398
      378
      410
      410
      424
      428
      440
      440
      472
      482
      516
      506
      504
      550
      548
      572
      572
      588
      626
      620
      636
      630
      630
      652
      710
      624
      704
      646
      698
      694
      714
      660
      620
      698
      682
      584
      628
      634
      616
      620
      588
      570
      608
      580
      586
      568
      552
      564
      576
      526
      580
      550
      542
      494
      526
      500
      484
      514
      470
      490
      430
      434
      434
      422
      434
      404
      366
      390
      362
      382
      374
      380
      336
      342
      362
      348
      318
      302
      348
      292
      300
      310
      326
      286
      302
      280
      274
      290
      300
      302
      290
      296
      280
      304
      302
      274
      282
      288
      266
      336
      292
      296
      316
      306
      296
      300
      316
      320
      308
      334
      334
      298
      326
      302
      312
      354
      342
      338
      322
      374
      362
      312
      350
      350
      324
      340
      362
      344
      362
      382
      324
      336
      338
      346
      370
      356
      362
      308
      384
      328
      338
      314
      324
      336
      338
      342
      342
      326
      288
      286
      328
      320
      276
      348
      310
      340
      304
      294
      282
      310
      284
      310
      264
      286
      260
      274
      278
      250
      238
      278
      268
      264
      254
      252
      228
      240
      242
      246
      230
      238
      248
      216
      254
      224
      228
      230
      222
      222
      210
      220
      222
      208
      214
      246
      248
      222
      228
      188
      212
      252
      198
      226
      222
      196
      236
      212
      222
      184
      212
      200
      224
      196
      218
      220
      218
      214
      212
      236
      234
      228
      210
      230
      218
      242
      222
      226
      236
      254
      264
      236
      250
      256
      238
      256
      242
      232
      246
      254
      236
      246
      216
      228
      218
      212
      240
      204
      226
      236
      216
      230
      222
      228
      246
      246
      222
      232
      252
      250
      240
      246
      214
      230
      218
      238
      230
      220
      212
      202
      212
      212
      222
      178
      210
      208
      218
      206
      218
      226
      190
      248
      212
      212
      230
      204
      200
      184
      214
      236
      218
      218
      210
      198
      224
      228
      240
      238
      224
      222
      232
      252
      204
      228
      208
      240
      230
      210
      210
      238
      212
      250
      234
      198
      236
      220
      242
      252
      256
      252
      218
      230
      226
      228
      230
      270
      238
      238
      222
      218
      218
      250
      248
      218
      226
      210
      238
      232
      230
      244
      228
      240
      238
      246
      214
      216
      234
      168
      194
      216
      230
      224
      182
      198
      212
      208
      208
      218
      202
      204
      198
      210
      196
      224
      180
      204
      186
      212
      192
      200
      194
      218
      164
      220
      216
      178
      194
      218
      224
      228
      236
      214
      210
      202
      234
      232
      218
      238
      254
      264
      248
      246
      252
      242
      244
      230
      248
      232
      226
      252
      240
      260
      246
      230
      250
      226
      256
      244
      238
      234
      232
      240
      248
      244
      238
      228
      240
      192
      226
      244
      240
      254
      260
      274
      250
      248
      266
      246
      232
      244
      262
      238
      246
      270
      248
      250
      246
      234
      252
      256
      254
      238
      230
      236
      268
      256
      266
      252
      272
      258
      248
      260
      248
      260
      286
      258
      266
      276
      262
      256
      274
      280
      260
      252
      254
      272
      262
      230
      268
      274
      270
      274
      278
      264
      272
      236
      288
      292
      258
      302
      296
      300
      294
      328
      286
      314
      344
      322
      318
      342
      338
      330
      330
      354
      358
      360
      360
      324
      330
      426
      376
      368
      376
      334
      356
      346
      348
      324
      334
      316
      372
      378
      324
      356
      326
      326
      358
      352
      342
      350
      382
      366
      366
      380
      380
      378
      406
      414
      420
      368
      436
      404
      386
      418
      372
      420
      406
      366
      412
      444
      402
      424
      466
      434
      464
      416
      410
      460
      472
      488
      474
      458
      468
      454
      506
      492
      470
      506
      454
      490
      500
      456
      466
      480
      462
      480
      450
      448
      468
      444
      464
      438
      452
      416
      416
      448
      428
      438
      446
      434
      452
      422
      416
      434
      394
      422
      444
      400
      398
      380
      426
      406
      410
      364
      374
      360
      382
      352
      372
      374
      370
      370
      330
      364
      338
      374
      342
      354
      316
      322
      326
      344
      330
      308
      308
      322
      306
      318
      314
      298
      294
      286
      300
      250
      284
      274
      306
      296
      304
      310
      274
      292
      306
      310
      248
      278
      306
      284
      314
      266
      280
      274
      318
      292
      300
      264
      298
      312
      278
      294
      270
      306
      304
      290
      302
      324
      332
      334
      342
      358
      354
      376
      340
      344
      358
      358
      340
      394
      344
      362
      348
      380
      324
      348
      350
      348
      388
      358
      326
      312
      348
      374
      312
      366
      328
      336
      352
      348
      352
      358
      336
      320
      336
      348
      310
      312
      332
      360
      318
      326
      336
      318
      296
      318
      298
      316
      308
      318
      300
      312
      292
      282
      314
      296
      296
      290
      294
      294
      252
      284
      272
      286
      304
      272
      276
      296
      242
      254
      284
      272
      256
      280
      278
      276
      230
      274
      262
      262
      276
      264
      234
      254
      244
      244
      276
      228
      246
      278
      260
      250
      224
      246
      288
      258
      270
      254
      250
      234
      254
      230
      250
      234
      248
      264
      262
      260
      240
      252
      248
      256
      242
      238
      222
      250
      254
      204
      222
      240
      224
      224
      212
      214
      232
      228
      220
      246
      214
      212
      236
      232
      246
      238
      208
      216
      196
      224
      202
      204
      196
      234
      242
      206
      216
      232
      238
      242
      256
      256
      246
      206
      272
      242
      248
      256
      226
      260
      260
      248
      258
      274
      270
      288
      280
      276
      278
      272
      290
      248
      272
      256
      250
      262
      242
      258
      264
      256
      272
      266
      260
      252
      226
      248
      258
      258
      240
      232
      244
      280
      252
      278
      230
      228
      244
      242
      248
      242
      242
      236
      216
      242
      228
      206
      212
      212
      218
      206
      220
      214
      212
      208
      216
      196
      226
      202
      218
      200
      224
      212
      206
      212
      200
      224
      200
      192
      184
      196
      198
      184
      192
      186
      198
      202
      196
      202
      196
      184
      206
      180
      242
      214
      202
      204
      208
      216
      186
      200
      208
      212
      194
      232
      194
      202
      234
      212
      206
      196
      226
      200
      202
      204
      234
      250
      222
      198
      210
      228
      242
      260
      226
      228
      264
      264
      272
      250
      266
      270
      276
      280
      276
      268
      302
      286
      256
      312
      268
      316
      282
      324
      314
      306
      336
      306
      320
      306
      364
      316
      360
      290
      328
      352
      330
      330
      314
      340
      330
      314
      326
      314
      342
      374
      300
      338
      272
      300
      300
      280
      278
      260
      280
      324
      278
      304
      284
      292
      292
      286
      274
      278
      250
      250
      292
      272
      260
      276
      258
      244
      270
      248
      240
      242
      232
      246
      230
      256
      248
      218
      270
      248
      246
      236
      250
      230
      210
      224
      246
      240
      234
      258
      238
      258
      240
      258
      224
      282
      256
      250
      268
      248
      258
      294
      258
      260
      298
      266
      312
      294
      304
      286
      288
      302
      328
      326
      360
      284
      318
      322
      304
      346
      332
      328
      342
      356
      326
      356
      306
      314
      336
      322
      354
      362
      320
      350
      346
      316
      342
      342
      330
      354
      350
      330
      346
      348
      358
      320
      330
      346
      318
      358
      370
      362
      318
      336
      360
      324
      334
      318
      344
      308
      334
      312
      342
      302
      336
      362
      350
      292
      334
      336
      324
      318
      340
      336
      322
      334
      352
      344
      316
      348
      340
      354
      348
      314
      340
      318
      320
      324
      330
      340
      318
      290
      304
      302
      310
      312
      322
      322
      320
      302
      294
      306
      302
      286
      322
      282
      332
      276
      292
      276
      292
      246
      254
      284
      296
      254
      318
      258
      266
      246
      268
      274
      254
      258
      254
      266
      232
      254
      258
      276
      230
      264
      242
      222
      256
      268
      240
      240
      236
      208
      244
      230
      214
      230
      232
      236
      222
      234
      214
      228
      216
      204
      198
      220
      214
      204
      236
      274
      216
      222
      236
      198
      216
      242
      218
      202
      218
      222
      210
      226
      216
      224
      214
      226
      248
      238
      230
      238
      236
      208
      216
      212
      214
      270
      202
      214
      236
      204
      226
      214
      198
      228
      242
      224
      236
      254
      226
      260
      226
      224
      228
      244
      244
      232
      222
      218
      228
      222
      244
      230
      204
      224
      224
      234
      226
      250
      246
      220
      256
      238
      224
      224
      242
      228
      232
      226
      234
      216
      224
      246
      228
      254
      234
