



10.000 0.0100 90.000  
      284
      360
      326
      332
      300
      310
      312
      338
      318
      334
      298
      294
      336
      354
      344
      334
      334
      350
      320
      314
      310
      330
      320
      304
      324
      364
      302
      310
      284
      314
      328
      308
      304
      340
      332
      322
      292
      336
      324
      292
      330
      324
      344
      310
      304
      296
      280
      324
      314
      308
      330
      298
      300
      318
      294
      310
      330
      310
      304
      294
      288
      290
      310
      294
      306
      294
      300
      332
      274
      298
      284
      282
      292
      348
      282
      304
      314
      306
      306
      276
      284
      304
      320
      296
      316
      302
      290
      276
      308
      300
      320
      292
      310
      302
      264
      280
      316
      294
      284
      310
      292
      304
      292
      298
      296
      298
      276
      266
      298
      280
      290
      252
      302
      248
      304
      292
      302
      296
      282
      300
      266
      282
      276
      276
      278
      286
      290
      300
      300
      272
      290
      282
      284
      284
      268
      268
      278
      280
      276
      258
      246
      270
      248
      282
      264
      250
      286
      264
      258
      268
      254
      292
      270
      264
      276
      274
      270
      274
      260
      260
      266
      256
      272
      256
      258
      266
      270
      264
      282
      248
      266
      264
      268
      288
      280
      254
      284
      246
      254
      296
      250
      238
      274
      258
      250
      238
      280
      288
      260
      268
      258
      254
      264
      244
      266
      268
      252
      248
      270
      260
      270
      236
      254
      228
      236
      262
      272
      278
      244
      278
      212
      240
      292
      230
      242
      214
      274
      232
      250
      258
      228
      250
      276
      236
      206
      272
      212
      264
      250
      210
      240
      272
      218
      258
      234
      238
      274
      236
      246
      254
      244
      262
      260
      238
      242
      248
      240
      222
      238
      244
      238
      232
      240
      234
      226
      262
      226
      268
      234
      248
      270
      236
      258
      230
      222
      220
      242
      278
      230
      218
      254
      252
      240
      228
      228
      232
      226
      228
      246
      236
      232
      240
      230
      236
      224
      220
      218
      218
      222
      224
      224
      214
      236
      244
      220
      246
      212
      238
      236
      248
      224
      214
      224
      216
      214
      216
      202
      238
      212
      214
      238
      224
      202
      272
      226
      206
      222
      228
      228
      252
      188
      210
      228
      238
      234
      196
      226
      204
      212
      232
      206
      232
      216
      210
      228
      244
      214
      218
      188
      212
      246
      210
      208
      206
      210
      198
      222
      242
      202
      238
      230
      196
      234
      208
      204
      228
      192
      228
      206
      230
      222
      188
      234
      232
      228
      200
      204
      208
      198
      216
      230
      192
      222
      188
      228
      222
      228
      206
      206
      226
      244
      236
      230
      222
      212
      224
      212
      196
      208
      190
      220
      194
      204
      222
      232
      226
      230
      196
      206
      230
      202
      208
      228
      216
      212
      226
      208
      196
      202
      212
      202
      222
      200
      206
      222
      214
      188
      210
      222
      186
      192
      208
      202
      192
      222
      196
      216
      206
      224
      190
      188
      184
      208
      208
      220
      234
      218
      204
      226
      228
      204
      182
      198
      182
      214
      210
      210
      212
      204
      192
      214
      202
      202
      198
      200
      202
      206
      194
      198
      196
      210
      176
      208
      200
      186
      204
      212
      188
      186
      212
      178
      228
      198
      206
      208
      218
      206
      206
      212
      194
      176
      194
      206
      178
      236
      192
      200
      208
      190
      206
      176
      188
      188
      188
      202
      210
      176
      206
      194
      190
      198
      204
      164
      176
      204
      188
      202
      222
      208
      204
      222
      208
      204
      192
      210
      202
      202
      228
      208
      184
      210
      202
      206
      212
      178
      200
      214
      228
      192
      202
      182
      216
      212
      186
      182
      220
      218
      182
      204
      192
      228
      212
      212
      192
      212
      226
      200
      200
      222
      222
      200
      246
      218
      216
      210
      192
      230
      206
      222
      210
      180
      216
      192
      214
      214
      224
      206
      190
      204
      216
      202
      218
      224
      216
      212
      204
      214
      206
      180
      194
      188
      200
      198
      192
      188
      196
      176
      202
      182
      214
      206
      170
      188
      232
      198
      222
      190
      194
      190
      172
      200
      192
      174
      198
      228
      192
      196
      198
      168
      194
      182
      174
      182
      178
      192
      210
      206
      198
      178
      186
      192
      170
      180
      214
      222
      176
      202
      212
      216
      188
      200
      194
      208
      210
      190
      172
      190
      190
      190
      172
      156
      192
      186
      172
      196
      188
      172
      210
      162
      208
      170
      168
      196
      174
      184
      178
      192
      220
      154
      190
      180
      134
      162
      180
      176
      184
      192
      176
      178
      176
      176
      188
      192
      198
      174
      176
      172
      182
      198
      180
      192
      168
      170
      210
      176
      182
      150
      164
      174
      158
      192
      182
      178
      184
      168
      200
      158
      168
      180
      200
      184
      166
      182
      178
      178
      166
      186
      180
      146
      164
      190
      160
      174
      206
      190
      136
      192
      214
      160
      184
      172
      204
      166
      148
      152
      158
      172
      196
      190
      172
      160
      170
      178
      158
      156
      184
      182
      148
      198
      148
      174
      166
      178
      174
      170
      166
      152
      176
      180
      218
      168
      174
      176
      178
      178
      176
      192
      178
      150
      178
      162
      164
      158
      202
      194
      166
      166
      194
      182
      172
      190
      184
      162
      178
      182
      190
      182
      168
      168
      190
      168
      176
      166
      178
      188
      166
      164
      164
      144
      172
      170
      180
      180
      184
      172
      184
      160
      160
      178
      180
      146
      190
      184
      178
      166
      160
      170
      156
      178
      188
      178
      156
      194
      166
      160
      184
      166
      180
      186
      176
      174
      174
      174
      186
      172
      166
      190
      164
      158
      190
      196
      186
      160
      158
      176
      174
      180
      212
      186
      174
      178
      184
      192
      174
      176
      202
      202
      170
      166
      198
      200
      218
      208
      182
      172
      180
      202
      178
      180
      204
      200
      176
      172
      200
      172
      230
      212
      180
      194
      192
      200
      212
      218
      206
      214
      170
      212
      210
      260
      204
      250
      218
      222
      242
      228
      278
      248
      210
      234
      240
      240
      238
      268
      244
      238
      244
      252
      254
      248
      234
      278
      272
      282
      292
      278
      284
      320
      318
      264
      324
      316
      388
      366
      372
      382
      348
      420
      412
      460
      452
      456
      494
      514
      550
      572
      584
      664
      690
      716
      788
      822
      882
      906
      992
     1030
     1166
     1164
     1312
     1438
     1532
     1622
     1770
     1878
     2010
     2150
     2430
     2510
     2886
     3050
     3216
     3426
     3724
     3896
     3856
     4078
     4226
     3908
     3888
     3644
     3420
     3098
     2986
     2576
     2250
     2174
     1890
     1658
     1486
     1276
     1226
     1162
     1166
     1042
     1008
      932
      970
     1096
     1056
     1112
     1172
     1204
     1250
     1294
     1376
     1408
     1538
     1636
     1718
     1882
     1988
     2078
     2106
     2302
     2418
     2606
     2730
     2988
     2942
     2930
     2960
     2960
     2938
     2894
     2728
     2668
     2372
     2076
     1958
     1720
     1516
     1328
     1198
     1046
      926
      766
      734
      614
      554
      548
      504
      456
      394
      412
      406
      396
      374
      360
      314
      316
      274
      302
      290
      296
      258
      242
      272
      266
      250
      246
      246
      254
      230
      226
      216
      202
      218
      194
      222
      222
      170
      214
      192
      210
      192
      208
      200
      190
      198
      218
      176
      184
      196
      186
      190
      222
      188
      204
      208
      202
      166
      194
      204
      182
      188
      184
      216
      178
      190
      194
      220
      166
      176
      188
      178
      174
      148
      176
      174
      196
      194
      166
      180
      170
      158
      164
      168
      200
      184
      196
      188
      210
      184
      178
      182
      170
      178
      186
      150
      168
      164
      158
      190
      176
      176
      196
      196
      182
      164
      178
      146
      180
      170
      174
      192
      166
      176
      184
      168
      168
      156
      184
      184
      174
      190
      186
      146
      150
      186
      182
      184
      188
      154
      182
      184
      150
      158
      178
      180
      168
      194
      192
      154
      156
      168
      156
      180
      158
      176
      184
      172
      158
      170
      200
      184
      178
      178
      152
      160
      184
      186
      170
      164
      166
      176
      162
      180
      164
      178
      182
      172
      158
      174
      160
      172
      212
      186
      166
      170
      170
      190
      200
      172
      174
      188
      186
      158
      168
      174
      170
      168
      178
      182
      196
      164
      186
      188
      178
      184
      174
      206
      192
      190
      184
      198
      182
      204
      188
      202
      194
      192
      206
      220
      224
      206
      218
      224
      238
      254
      212
      240
      232
      250
      252
      248
      250
      290
      288
      288
      326
      318
      318
      342
      326
      382
      388
      358
      366
      408
      494
      456
      510
      508
      596
      534
      596
      648
      700
      728
      740
      824
      886
      912
     1004
     1070
     1108
     1226
     1344
     1460
     1594
     1706
     1842
     2022
     2226
     2512
     2576
     2888
     3250
     3402
     3552
     3980
     4422
     4688
     4954
     5182
     5406
     5422
     5610
     5448
     5514
     5340
     5052
     4644
     4328
     3908
     3700
     3132
     2840
     2402
     2182
     1922
     1672
     1484
     1272
     1154
     1038
      916
      816
      840
      730
      754
      672
      670
      606
      596
      548
      536
      506
      490
      476
      452
      410
      392
      376
      366
      338
      374
      282
      344
      340
      316
      328
      286
      282
      266
      240
      234
      256
      258
      248
      238
      238
      234
      232
      260
      228
      206
      194
      212
      224
      242
      242
      226
      218
      212
      202
      198
      210
      196
      230
      224
      222
      202
      204
      198
      202
      226
      220
      216
      200
      214
      192
      220
      200
      212
      198
      214
      202
      206
      220
      222
      178
      218
      198
      194
      220
      212
      212
      220
      226
      202
      220
      198
      190
      192
      206
      234
      210
      200
      228
      204
      208
      194
      186
      218
      198
      204
      210
      188
      182
      188
      192
      208
      212
      190
      164
      184
      176
      182
      184
      164
      168
      170
      190
      184
      172
      172
      156
      184
      168
      164
      186
      168
      166
      184
      172
      170
      194
      200
      174
      158
      180
      174
      196
      164
      186
      166
      148
      160
      182
      188
      164
      186
      160
      190
      176
      188
      192
      190
      156
      162
      178
      172
      182
      152
      176
      148
      168
      172
      164
      174
      160
      170
      184
      172
      150
      174
      160
      162
      140
      180
      170
      162
      170
      160
      158
      188
      188
      174
      172
      172
      146
      192
      164
      176
      198
      174
      178
      186
      192
      176
      184
      182
      204
      182
      186
      184
      184
      182
      186
      192
      188
      202
      208
      194
      182
      214
      228
      222
      214
      228
      208
      240
      246
      246
      220
      260
      244
      250
      298
      268
      276
      314
      318
      314
      324
      352
      396
      390
      380
      400
      432
      464
      480
      508
      546
      562
      640
      636
      648
      764
      724
      802
      876
      998
     1006
     1066
     1076
     1176
     1212
     1238
     1208
     1284
     1218
     1212
     1178
     1058
     1020
      946
      926
      832
      768
      686
      654
      586
      518
      450
      480
      448
      398
      354
      358
      334
      330
      274
      314
      280
      270
      258
      270
      250
      232
      248
      286
      218
      264
      264
      234
      198
      230
      224
      238
      222
      212
      218
      232
      222
      198
      194
      244
      204
      218
      202
      200
      194
      198
      174
      172
      208
      200
      218
      194
      222
      198
      208
      208
      198
      248
      176
      202
      236
      182
      192
      196
      232
      190
      194
      188
      212
      190
      184
      198
      202
      220
      188
      200
      184
      188
      182
      172
      180
      196
      162
      164
      192
      186
      192
      172
      190
      186
      200
      186
      178
      206
      190
      190
      166
      176
      176
      156
      170
      188
      182
      158
      152
      198
      176
      158
      160
      166
      164
      170
      170
      168
      178
      164
      170
      150
      176
      160
      168
      198
      202
      184
      176
      190
      166
      200
      162
      172
      178
      198
      166
      184
      172
      168
      168
      146
      176
      176
      168
      160
      174
      180
      180
      174
      188
      188
      162
      160
      198
      170
      190
      208
      174
      160
      176
      182
      172
      176
      152
      166
      178
      180
      172
      166
      186
      190
      170
      166
      170
      190
      180
      204
      192
      174
      208
      164
      208
      172
      200
      180
      190
      158
      178
      174
      230
      192
      180
      188
      188
      190
      196
      180
      188
      212
      194
      204
      202
      212
      212
      208
      218
      236
      212
      202
      228
      214
      228
      234
      238
      246
      256
      290
      294
      290
      292
      292
      296
      308
      304
      326
      326
      388
      388
      404
      404
      442
      450
      446
      548
      556
      580
      562
      562
      642
      686
      664
      750
      790
      892
      918
     1014
     1086
     1150
     1278
     1340
     1452
     1628
     1692
     1816
     1916
     2058
     2178
     2208
     2360
     2468
     2434
     2554
     2404
     2348
     2312
     2202
     2120
     2082
     1918
     1704
     1618
     1546
     1362
     1280
     1132
     1016
      906
      830
      780
      722
      634
      606
      572
      520
      474
      446
      418
      390
      390
      344
      338
      322
      324
      304
      290
      276
      280
      286
      248
      262
      260
      226
      224
      228
      230
      206
      216
      212
      198
      186
      192
      206
      208
      192
      168
      180
      184
      182
      192
      188
      198
      200
      182
      168
      174
      176
      192
      188
      158
      146
      204
      158
      178
      166
      178
      152
      182
      152
      178
      166
      164
      182
      144
      176
      180
      142
      142
      158
      170
      160
      170
      146
      150
      168
      168
      174
      182
      154
      156
      150
      166
      174
      154
      164
      168
      154
      172
      200
      152
      172
      164
      166
      170
      156
      146
      156
      204
      194
      158
      152
      142
      168
      180
      152
      144
      164
      156
      142
      164
      154
      184
      142
      166
      178
      156
      152
      170
      152
      176
      172
      162
      156
      156
      138
      166
      178
      172
      164
      130
      176
      158
      168
      168
      134
      162
      152
      184
      148
      126
      136
      150
      166
      164
      190
      154
      166
      170
      156
      178
      156
      156
      186
      190
      146
      154
      162
      160
      156
      152
      160
      140
      132
      158
      170
      172
      192
      168
      174
      172
      178
      168
      176
      172
      166
      160
      146
      164
      176
      158
      144
      188
      184
      180
      178
      186
      194
      202
      178
      174
      180
      174
      170
      166
      168
      162
      192
      190
      148
      190
      200
      182
      180
      180
      186
      144
      190
      168
      174
      180
      180
      192
      160
      178
      160
      170
      204
      174
      222
      188
      202
      206
      210
      210
      226
      192
      230
      212
      220
      190
      188
      228
      226
      214
      236
      236
      196
      246
      242
      218
      218
      248
      234
      202
      232
      220
      214
      232
      278
      260
      268
      270
      234
      268
      268
      272
      266
      282
      264
      286
      264
      272
      306
      296
      284
      300
      306
      318
      300
      306
      326
      324
      318
      300
      334
      316
      312
      274
      346
      330
      358
      318
      310
      290
      340
      316
      350
      326
      342
      308
      330
      336
      324
      326
      352
      334
      348
      358
      308
      318
      306
      326
      350
      360
      334
      394
      366
      370
      354
      378
      376
      360
      438
      432
      396
      432
      444
      424
      480
      468
      488
      488
      514
      564
      590
      596
      610
      596
      704
      752
      718
      756
      838
      848
      916
      962
     1050
     1100
     1220
     1324
     1290
     1512
     1532
     1774
     1782
     1946
     2148
     2288
     2400
     2532
     2706
     2814
     2960
     3040
     3070
     3122
     2992
     2886
     2768
     2684
     2648
     2466
     2332
     2290
     2148
     2024
     1954
     1822
     1730
     1588
     1494
     1482
     1414
     1408
     1388
     1372
     1364
     1418
     1442
     1442
     1544
     1588
     1706
     1812
     1854
     1912
     2008
     2220
     2272
     2560
     2622
     2836
     3154
     3324
     3600
     3870
     4246
     4532
     5050
     5334
     5922
     6334
     6836
     7390
     7782
     8370
     8752
     9012
     9476
     9388
     9816
     9660
     9500
     9534
     9226
     8910
     8594
     7890
     7588
     7228
     6726
     6116
     5630
     5174
     4662
     4286
     3856
     3554
     3246
     2944
     2706
     2496
     2356
     1954
     1854
     1786
     1664
     1492
     1482
     1370
     1388
     1338
     1284
     1296
     1310
     1236
     1188
     1234
     1202
     1238
     1208
     1236
     1288
     1352
     1374
     1410
     1510
     1508
     1580
     1656
     1778
     1880
     1916
     1898
     1832
     1894
     1882
     1884
     1858
     1674
     1712
     1584
     1452
     1386
     1224
     1222
     1154
     1032
      932
      878
      758
      776
      708
      580
      610
      558
      502
      492
      466
      438
      420
      440
      378
      420
      362
      328
      366
      322
      320
      338
      306
      294
      296
      314
      302
      270
      278
      254
      272
      240
      240
      254
      244
      206
      248
      220
      210
      218
      218
      240
      196
      226
      218
      220
      208
      204
      220
      198
      204
      204
      222
      206
      208
      190
      216
      190
      192
      174
      220
      204
      230
      208
      206
      232
      208
      186
      212
      198
      192
      188
      214
      216
      234
      196
      196
      248
      198
      190
      220
      210
      206
      216
      236
      220
      210
      212
      212
      234
      232
      246
      204
      204
      208
      234
      226
      220
      180
      182
      206
      232
      214
      192
      230
      226
      216
      214
      204
      192
      206
      196
      212
      192
      210
      190
      186
      186
      188
      208
      206
      202
      200
      176
      228
      170
      196
      222
      212
      202
      228
      198
      202
      180
      192
      180
      182
      174
      180
      196
      230
      182
      196
      222
      188
      206
      236
      176
      180
      208
      184
      182
      176
      218
      194
      182
      186
      184
      202
      214
      206
      184
      206
      178
      182
      202
      202
      186
      200
      176
      206
      176
      188
      192
      212
      204
      186
      196
      180
      200
      206
      168
      182
      202
      222
      184
      198
      186
      176
      204
      180
      194
      208
      190
      184
      198
      184
      198
      202
      184
      194
      166
      188
      204
      174
      198
      198
      218
      176
      206
      222
      198
      186
      222
      218
      190
      194
      210
      220
      202
      190
      234
      206
      212
      208
      222
      242
      228
      220
      208
      254
      228
      226
      212
      230
      222
      264
      208
      228
      244
      266
      250
      238
      238
      236
      256
      290
      250
      256
      266
      288
      286
      294
      262
      252
      268
      278
      286
      276
      272
      292
      296
      300
      290
      284
      320
      294
      278
      328
      322
      322
      358
      350
      364
      426
      402
      424
      440
      440
      484
      522
      536
      548
      576
      618
      604
      690
      684
      682
      702
      774
      740
      800
      792
      830
      706
      716
      670
      680
      654
      650
      644
      556
      568
      522
      500
      500
      476
      452
      452
      398
      406
      394
      402
      370
      376
      378
      362
      362
      370
      384
      366
      358
      386
      354
      418
      386
      372
      414
      374
      396
      410
      422
      444
      462
      406
      442
      508
      524
      512
      528
      598
      622
      658
      718
      722
      756
      788
      872
      880
      942
      970
     1082
     1112
     1222
     1302
     1428
     1568
     1640
     1736
     1800
     1948
     2106
     2162
     2258
     2240
     2356
     2422
     2250
     2250
     2304
     2202
     2026
     2018
     1848
     1824
     1716
     1626
     1534
     1438
     1396
     1304
     1214
     1098
      996
      908
      920
      814
      780
      688
      672
      598
      652
      618
      560
      508
      562
      518
      502
      464
      476
      490
      442
      456
      438
      412
      402
      424
      404
      364
      388
      388
      398
      402
      384
      338
      390
      346
      370
      372
      358
      354
      362
      404
      338
      370
      372
      386
      414
      378
      394
      392
      364
      404
      384
      432
      414
      384
      374
      398
      440
      454
      452
      456
      472
      486
      464
      494
      532
      524
      560
      552
      586
      580
      648
      602
      668
      710
      812
      808
      922
      968
     1002
     1000
     1092
     1154
     1236
     1300
     1382
     1512
     1632
     1770
     1796
     2042
     2020
     2196
     2276
     2290
     2330
     2396
     2380
     2450
     2334
     2288
     2326
     2172
     2096
     1998
     2086
     1978
     1934
     1836
     1792
     1638
     1618
     1630
     1568
     1522
     1512
     1496
     1528
     1506
     1588
     1622
     1550
     1676
     1806
     1808
     1854
     2020
     2138
     2162
     2366
     2496
     2620
     2818
     2964
     3250
     3432
     3548
     3826
     4000
     4168
     4386
     4472
     4468
     4632
     4596
     4544
     4602
     4560
     4528
     4436
     4386
     4254
     4294
     4180
     4204
     4172
     3912
     3894
     3944
     3806
     3926
     3846
     3902
     3862
     3976
     3936
     3964
     3908
     3832
     3740
     3774
     3588
     3464
     3336
     3130
     3148
     2918
     2846
     2610
     2518
     2438
     2302
     2042
     1940
     1812
     1684
     1524
     1450
     1320
     1236
     1174
     1032
     1008
      946
      970
      898
      866
      828
      778
      742
      720
      728
      664
      662
      646
      610
      614
      610
      598
      572
      580
      556
      546
      532
      538
      544
      508
      492
      500
      528
      508
      474
      522
      542
      508
      512
      480
      574
      572
      558
      564
      574
      622
      590
      636
      608
      658
      722
      708
      730
      760
      808
      796
      838
      888
      948
     1028
     1114
     1190
     1252
     1332
     1390
     1528
     1622
     1726
     1888
     2142
     2224
     2298
     2380
     2458
     2484
     2560
     2618
     2530
     2656
     2568
     2412
     2374
     2308
     2256
     2090
     1984
     1924
     1810
     1710
     1656
     1556
     1442
     1252
     1292
     1106
     1056
      914
      876
      878
      796
      752
      666
      656
      650
      630
      612
      560
      550
      528
      490
      484
      462
      464
      540
      454
      472
      452
      428
      470
      472
      414
      416
      456
      400
      438
      400
      424
      388
      438
      448
      422
      418
      466
      458
      458
      436
      444
      528
      476
      474
      450
      528
      544
      584
      622
      586
      588
      646
      698
      676
      722
      762
      770
      878
      926
      964
      982
     1036
     1102
     1174
     1254
     1234
     1342
     1320
     1350
     1358
     1448
     1384
     1372
     1394
     1396
     1388
     1310
     1290
     1262
     1286
     1222
     1154
     1068
     1048
      986
      944
      922
      836
      832
      842
      752
      706
      680
      606
      600
      552
      538
      510
      496
      466
      480
      466
      424
      406
      406
      402
      392
      388
      368
      352
      346
      346
      356
      378
      332
      308
      344
      338
      336
      342
      276
      314
      284
      334
      308
      312
      304
      304
      288
      316
      336
      294
      316
      288
      290
      260
      298
      266
      276
      290
      300
      280
      322
      270
      326
      318
      306
      320
      292
      312
      340
      352
      360
      348
      350
      330
      354
      372
      374
      360
      390
      384
      400
      376
      410
      416
      450
      380
      470
      446
      474
      488
      532
      558
      562
      580
      578
      650
      650
      710
      730
      806
      878
      876
      894
      944
     1030
     1164
     1276
     1244
     1386
     1394
     1454
     1586
     1648
     1706
     1850
     1916
     1888
     1978
     2010
     2060
     2088
     2052
     2082
     1964
     1936
     1830
     1796
     1752
     1656
     1560
     1480
     1382
     1352
     1310
     1202
     1170
     1096
      932
      916
      912
      844
      772
      744
      708
      658
      634
      564
      566
      562
      522
      484
      476
      472
      480
      452
      468
      420
      422
      402
      376
      392
      382
      382
      364
      378
      370
      362
      348
      360
      356
      332
      358
      316
      336
      348
      328
      346
      324
      342
      292
      312
      314
      348
      336
      326
      322
      314
      318
      348
      328
      332
      322
      336
      344
      318
      302
      348
      368
      346
      304
      328
      366
      318
      390
      404
      372
      368
      388
      410
      392
      376
      426
      402
      428
      412
      470
      482
      458
      516
      508
      530
      510
      548
      584
      612
      622
      664
      672
      712
      770
      784
      892
      948
      972
     1022
     1124
     1188
     1262
     1344
     1438
     1514
     1566
     1646
     1776
     1896
     1930
     1912
     2024
     1984
     1936
     2004
     1954
     1962
     1952
     1872
     1788
     1804
     1714
     1650
     1576
     1508
     1418
     1290
     1256
     1186
     1138
     1074
      974
      972
      884
      896
      788
      736
      750
      670
      630
      610
      618
      582
      588
      550
      528
      534
      522
      502
      522
      492
      522
      494
      496
      486
      522
      518
      522
      534
      538
      504
      544
      604
      540
      584
      592
      622
      668
      634
      692
      644
      664
      704
      708
      712
      712
      740
      714
      732
      718
      718
      746
      708
      672
      656
      642
      622
      632
      636
      602
      580
      502
      524
      506
      516
      480
      484
      500
      428
      402
      446
      398
      384
      356
      396
      372
      366
      374
      362
      360
      340
      360
      354
      354
      328
      368
      282
      358
      304
      320
      316
      340
      350
      320
      284
      274
      334
      304
      322
      262
      348
      334
      340
      354
      342
      334
      298
      318
      322
      306
      308
      312
      288
      372
      338
      334
      330
      316
      324
      306
      344
      358
      328
      350
      330
      312
      320
      326
      330
      330
      300
      362
      334
      350
      354
      350
      368
      302
      314
      308
      346
      334
      336
      356
      338
      312
      370
      354
      330
      320
      298
      314
      338
      332
      324
      322
      330
      312
      308
      326
      314
      312
      328
      336
      360
      318
      324
      326
      298
      310
      314
      306
      316
      340
      316
      302
      334
      346
      358
      296
      328
      328
      282
      310
      310
      284
      280
      330
      292
      332
      322
      318
      326
      314
      314
      338
      298
      308
      326
      344
      330
      318
      340
      338
      312
      346
      314
      350
      334
      340
      336
      348
      300
      324
      342
      346
      332
      358
      320
      342
      336
      390
      376
      326
      342
      354
      372
      360
      364
      394
      400
      406
      396
      424
      380
      374
      412
      362
      394
      394
      398
      416
      422
      420
      430
      414
      414
      412
      400
      394
      444
      476
      420
      440
      472
      442
      466
      462
      452
      412
      454
      480
      490
      476
      460
      504
      528
      522
      520
      532
      574
      522
      554
      538
      544
      590
      630
      634
      668
      626
      644
      672
      698
      684
      728
      750
      782
      848
      850
      854
      902
      964
      972
     1026
     1040
     1134
     1146
     1216
     1246
     1358
     1344
     1446
     1582
     1586
     1662
     1778
     1876
     1960
     2068
     2192
     2302
     2482
     2630
     2866
     2990
     3220
     3500
     3750
     3940
     4386
     4718
     5090
     5390
     5846
     6350
     6816
     7188
     7584
     7826
     8274
     8478
     9030
     9208
     9330
     9412
     9268
     9308
     9140
     9086
     8676
     8432
     8396
     8060
     7850
     7564
     7296
     7072
     7054
     6572
     6374
     5972
     5788
     5436
     5306
     5052
     4766
     4612
     4394
     4358
     4110
     4052
     3926
     3874
     3570
     3528
     3424
     3286
     3246
     3130
     2972
     2982
     2792
     2696
     2536
     2478
     2442
     2286
     2224
     2094
     2006
     1884
     1770
     1738
     1594
     1570
     1428
     1406
     1280
     1300
     1168
     1162
     1060
     1074
      986
      962
      894
      892
      888
      808
      758
      826
      738
      730
      712
      658
      734
      686
      698
      622
      660
      602
      568
      600
      570
      550
      588
      522
      568
      562
      530
      530
      580
      576
      524
      490
      516
      572
      550
      538
      580
      562
      626
      596
      640
      638
      664
      694
      738
      680
      734
      784
      802
      838
      864
      866
      890
      872
      882
      870
      892
      842
      844
      788
      838
      776
      784
      778
      828
      728
      716
      736
      760
      678
      738
      664
      700
      662
      674
      672
      658
      638
      724
      706
      702
      696
      730
      762
      794
      780
      784
      796
      822
      880
      832
      914
      806
      878
      896
      824
      820
      794
      816
      740
      800
      762
      676
      674
      676
      630
      628
      628
      646
      534
      560
      532
      520
      476
      462
      442
      414
      410
      388
      400
      350
      392
      374
      356
      364
      318
      312
      310
      318
      314
      292
      296
      326
      308
      312
      252
      280
      310
      284
      288
      268
      242
      264
      298
      274
      286
      262
      278
      260
      296
      248
      266
      260
      246
      246
      256
      264
      244
      262
      278
      236
      224
      218
      236
      242
      250
      252
      232
      230
      240
      244
      248
      232
      240
      244
      250
      216
      238
      220
      224
      256
      238
      232
      220
      230
      208
      222
      226
      260
      250
      202
      214
      216
      216
      254
      246
      232
      210
      232
      228
      234
      236
      228
      210
      218
      200
      232
      200
      234
      244
      242
      228
      228
      236
      248
      224
      230
      236
      226
      206
      258
      212
      228
      234
      238
      224
      242
      274
      248
      246
      260
      280
      240
      246
      256
      274
      270
      256
      244
      250
      256
      228
      254
      228
      230
      234
      240
      234
      278
      242
      252
      244
      252
      248
      240
      208
      232
      226
      228
      258
      230
      218
      222
      198
      246
      208
      206
      212
      226
      216
      244
      210
      230
      222
      214
      256
      208
      222
      256
      248
      238
      256
      232
      218
      258
      220
      232
      228
      222
      250
      262
      238
      222
      238
      252
      240
      232
      260
      288
      242
      278
      276
      286
      264
      276
      246
      258
      290
      262
      260
      266
      270
      282
      282
      240
      258
      260
      230
      260
      262
      252
      284
      270
      268
      298
      296
      310
      272
      272
      276
      286
      288
      312
      338
      304
      326
      300
      304
      338
      348
      318
      324
      390
      398
      394
      450
      412
      468
      440
      466
      504
      528
      546
      556
      594
      590
      620
      678
      688
      674
      674
      694
      674
      752
      726
      684
      682
      694
      718
      690
      652
      634
      642
      602
      624
      550
      588
      592
      558
      550
      568
      506
      532
      546
      454
      486
      504
      426
      450
      464
      466
      430
      420
      450
      454
      468
      458
      468
      500
      482
      484
      540
      512
      544
      570
      644
      576
      622
      624
      652
      588
      670
      652
      628
      678
      652
      658
      654
      630
      622
      658
      640
      586
      584
      682
      626
      624
      622
      600
      594
      580
      558
      602
      566
      586
      610
      600
      622
      570
      586
      678
      670
      714
      684
      774
      790
      790
      826
      826
      958
      976
     1030
      994
     1014
      966
     1036
     1024
     1050
     1048
     1040
      952
      974
      998
      862
      948
      950
      948
      934
      930
      900
      916
      910
      938
      888
      824
      830
      806
      798
      750
      714
      726
      714
      706
      666
      686
      634
      650
      668
      632
      608
      636
      630
      608
      614
      606
      580
      578
      606
      566
      586
      618
      608
      592
      620
      586
      612
      644
      676
      698
      708
      826
      754
      818
      838
      862
      940
      956
      966
     1038
     1110
     1128
     1278
     1206
     1288
     1402
     1368
     1482
     1504
     1536
     1554
     1546
     1558
     1482
     1574
     1610
     1554
     1472
     1512
     1478
     1516
     1404
     1450
     1414
     1296
     1224
     1268
     1184
     1196
     1158
     1100
     1116
     1032
     1012
      992
      918
      938
      896
      876
      834
      834
      758
      780
      792
      712
      744
      744
      764
      802
      752
      742
      788
      756
      790
      784
      812
      854
      898
      962
      988
      946
     1048
     1082
     1106
     1192
     1200
     1314
     1378
     1428
     1560
     1568
     1636
     1674
     1832
     1756
     1964
     1954
     1994
     1876
     1832
     1838
     1842
     1822
     1854
     1760
     1758
     1652
     1554
     1528
     1512
     1430
     1348
     1330
     1236
     1246
     1142
     1124
     1136
     1048
      914
      952
      876
      828
      720
      716
      704
      646
      590
      576
      526
      526
      520
      482
      480
      452
      396
      428
      412
      388
      420
      410
      378
      384
      334
      358
      378
      328
      316
      334
      358
      322
      308
      314
      308
      278
      276
      286
      266
      254
      288
      272
      292
      306
      278
      294
      292
      266
      256
      274
      268
      258
      234
      286
      286
      280
      264
      270
      256
      250
      260
      238
      242
      254
      268
      238
      260
      280
      270
      236
      248
      248
      244
      260
      300
      252
      260
      256
      266
      260
      298
      294
      302
      314
      312
      288
      310
      310
      316
      288
      288
      318
      352
      310
      362
      354
      350
      430
      386
      446
      388
      420
      434
      478
      452
      420
      490
      518
      518
      558
      518
      572
      568
      610
      580
      614
      644
      624
      744
      644
      692
      742
      744
      788
      816
      798
      838
      764
      830
      890
      770
      810
      782
      814
      792
      700
      730
      726
      696
      676
      626
      634
      666
      638
      590
      606
      550
      558
      536
      502
      442
      490
      458
      422
      414
      430
      430
      408
      368
      374
      364
      350
      338
      328
      336
      344
      326
      314
      306
      322
      328
      274
      300
      304
      292
      318
      284
      308
      290
      284
      288
      280
      300
      290
      280
      328
      320
      296
      312
      296
      304
      328
      310
      292
      350
      306
      318
      338
      376
      364
      346
      372
      380
      388
      402
      400
      396
      394
      422
      446
      490
      458
      484
      518
      522
      576
      584
      600
      582
      632
      712
      670
      652
      744
      706
      714
      684
      748
      768
      738
      714
      706
      710
      670
      638
      694
      710
      624
      674
      662
      604
      642
      600
      600
      602
      556
      542
      564
      510
      520
      438
      492
      462
      400
      422
      420
      394
      392
      358
      368
      366
      390
      328
      346
      344
      340
      326
      304
      314
      278
      280
      272
      310
      290
      294
      276
      276
      284
      250
      266
      272
      280
      222
      268
      270
      238
      234
      258
      248
      274
      254
      284
      238
      220
      232
      262
      244
      262
      272
      226
      256
      262
      254
      258
      268
      268
      248
      260
      260
      282
      248
      274
      236
      282
      276
      274
      270
      284
      312
      268
      296
      264
      290
      290
      276
      274
      290
      314
      278
      334
      324
      288
      304
      304
      324
      368
      312
      360
      324
      352
      360
      360
      378
      388
      396
      350
      386
      384
      412
      420
      442
      468
      432
      486
      482
      488
      450
      508
      470
      520
      592
      542
      548
      648
      628
      682
      712
      714
      808
      808
      758
      872
      886
      996
     1028
     1012
     1150
     1104
     1218
     1294
     1304
     1522
     1488
     1556
     1644
     1784
     1720
     1768
     1762
     1788
     1848
     1878
     1818
     1766
     1888
     1828
     1828
     1760
     1730
     1704
     1676
     1658
     1626
     1620
     1652
     1680
     1574
     1614
     1636
     1516
     1582
     1524
     1600
     1632
     1578
     1536
     1604
     1650
     1644
     1680
     1710
     1704
     1754
     1878
     1874
     1874
     1824
     1866
     1874
     1836
     1816
     1800
     1732
     1700
     1738
     1594
     1584
     1450
     1456
     1448
     1424
     1392
     1398
     1332
     1284
     1250
     1204
     1144
     1190
     1060
     1024
     1066
      994
      906
      860
      874
      870
      818
      882
      836
      838
      816
      812
      788
      810
      770
      774
      848
      798
      838
      770
      840
      858
      830
      928
      938
      930
      952
     1022
     1000
      968
     1024
     1064
     1098
     1222
     1246
     1280
     1222
     1406
     1378
     1518
     1488
     1548
     1612
     1694
     1660
     1798
     1800
     1880
     1956
     2026
     2148
     2212
     2186
     2210
     2284
     2372
     2410
     2448
     2568
     2608
     2668
     2718
     2732
     2908
     2912
     2940
     3054
     3172
     3100
     3304
     3326
     3340
     3426
     3496
     3492
     3514
     3552
     3536
     3420
     3426
     3332
     3414
     3362
     3346
     3268
     3162
     3096
     2876
     2958
     2750
     2608
     2656
     2620
     2410
     2418
     2310
     2190
     2130
     2036
     1928
     1836
     1806
     1686
     1586
     1546
     1446
     1332
     1364
     1256
     1236
     1106
     1034
      996
      912
      958
      846
      852
      838
      782
      740
      720
      682
      670
      690
      620
      648
      584
      564
      560
      542
      576
      508
      514
      518
      464
      438
      482
      496
      410
      428
      446
      396
      438
      420
      374
      396
      418
      426
      372
      354
      396
      360
      312
      380
      354
      338
      348
      342
      334
      320
      332
      312
      328
      318
      306
      278
      302
      298
      270
      258
      286
      272
      270
      262
      294
      280
      256
      288
      254
      240
      270
      268
      258
      254
      282
      246
      262
      246
      266
      272
      248
      248
      214
      248
      228
      264
      240
      214
      258
      238
      210
      264
      236
      240
      264
      222
      252
      230
      228
      216
      288
      260
      204
      214
      256
      252
      218
      244
      252
      236
      210
      246
      232
      236
      218
      232
      232
      254
      252
      242
      234
      250
      222
      254
      268
      248
      254
      240
      222
      244
      248
      242
      246
      238
      246
      254
      238
      240
      260
      250
      252
      240
      232
      250
      238
      244
      250
      278
      238
      234
      256
      244
      236
      240
      266
      248
      242
      252
      240
      266
      226
      248
      232
      224
      276
      236
      262
      250
      248
      280
      266
      268
      270
      288
      286
      258
      302
      312
      278
      306
      314
      326
      302
      368
      326
      334
      320
      362
      358
      374
      350
      346
      422
      380
      390
      390
      374
      428
      434
      444
      492
      472
      490
      422
      490
      498
      468
      478
      486
      440
      452
      456
      426
      508
      470
      474
      454
      440
      454
      440
      454
      426
      444
      438
      468
      448
      470
      470
      456
      466
      478
      426
      448
      462
      498
      440
      444
      456
      494
      538
      506
      548
      546
      540
      544
      524
      578
      534
      544
      498
      486
      474
      496
      516
      464
      508
      440
      478
      482
      462
      448
      418
      392
      488
      438
      426
      450
      440
      466
      448
      482
      446
      452
      454
      458
      472
      474
      476
      464
      446
      462
      484
      524
      480
      548
      478
      540
      520
      530
      522
      506
      498
      522
      558
      520
      510
      556
      532
      552
      554
      550
      558
      536
      580
      592
      610
      516
      550
      542
      526
      508
      520
      520
      484
      512
      510
      476
      498
      486
      488
      528
      468
      474
      516
      504
      452
      488
      502
      444
      468
      456
      456
      418
      394
      414
      446
      434
      410
      348
      370
      374
      324
      360
      330
      346
      314
      368
      352
      348
      286
      288
      298
      312
      296
      302
      274
      244
      262
      320
      254
      272
      262
      256
      232
      250
      240
      226
      238
      210
      240
      248
      224
      234
      226
      230
      236
      196
      190
      190
      194
      214
      210
      184
      220
      210
      208
      204
      190
      180
      214
      180
      180
      210
      194
      186
      196
      172
      178
      186
      184
      208
      182
      194
      190
      188
      184
      176
      210
      198
      188
      182
      200
      176
      186
      180
      188
      182
      176
      178
      190
      204
      192
      182
      192
      206
      202
      198
      178
      192
      190
      180
      176
      170
      218
      196
      178
      200
      208
      210
      224
      200
      238
      218
      232
      184
      200
      240
      204
      216
      234
      206
      234
      240
      232
      262
      250
      240
      264
      262
      268
      272
      316
      278
      328
      316
      332
      364
      338
      374
      368
      436
      412
      376
      408
      430
      430
      418
      446
      442
      476
      426
      430
      426
      416
      460
      446
      430
      392
      370
      400
      366
      358
      376
      344
      352
      348
      334
      336
      316
      340
      306
      302
      318
      256
      248
      268
      262
      264
      250
      252
      250
      232
      252
      206
      242
      210
      218
      242
      234
      230
      216
      196
      200
      204
      186
      198
      190
      184
      222
      204
      184
      178
      220
      166
      208
      210
      188
      222
      194
      192
      196
      218
      204
      190
      184
      230
      212
      210
      202
      208
      198
      208
      190
      170
      208
      198
      184
      198
      180
      196
      194
      244
      216
      214
      204
      238
      220
      224
      208
      218
      200
      216
      208
      196
      222
      208
      216
      222
      222
      236
      220
      216
      226
      230
      246
      220
      236
      268
      246
      230
      262
      264
      274
      272
      286
      286
      260
      272
      274
      328
      298
      324
      302
      336
      316
      296
      386
      366
      346
      330
      392
      396
      352
      384
      392
      430
      438
      436
      398
      414
      466
      422
      442
      408
      430
      438
      450
      436
      434
      434
      404
      406
      414
      372
      382
      354
      376
      372
      382
      364
      368
      360
      326
      342
      348
      348
      338
      304
      300
      306
      300
      304
      256
      290
      268
      280
      290
      224
      250
      260
      236
      244
      238
      238
      248
      210
      224
      238
      204
      224
      210
      210
      194
      200
      214
      230
      216
      214
      216
      190
      192
      218
      188
      220
      212
      196
      186
      208
      194
      182
      176
      202
      210
      206
      222
      214
      220
      216
      212
      188
      186
      228
      220
      206
      192
      222
      202
      242
      216
      220
      210
      232
      210
      198
      206
      200
      228
      212
      218
      236
      218
      218
      228
      246
      232
      256
      236
      278
      244
      256
      280
      258
      268
      294
      260
      246
      284
      276
      278
      260
      272
      308
      288
      298
      320
      316
      296
      326
      316
      286
      328
      322
      338
      322
      346
      326
      374
      354
      394
      398
      406
      436
      426
      392
      424
      440
      412
      466
      474
      470
      500
      484
      478
      514
      560
      520
      570
      620
      560
      546
      524
      558
      560
      552
      550
      576
      556
      534
      518
      516
      540
      488
      474
      518
      496
      466
      506
      434
      414
      454
      426
      436
      454
      420
      404
      374
      398
      350
      380
      336
      332
      356
      364
      324
      332
      308
      332
      300
      308
      304
      274
      244
      280
      300
      274
      280
      268
      270
      278
      276
      248
      272
      272
      256
      254
      256
      278
      268
      224
      242
      292
      266
      268
      270
      246
      276
      248
      244
      262
      262
      240
      272
      284
      276
      258
      306
      322
      282
      286
      310
      302
      294
      348
      330
      318
      358
      320
      342
      370
      358
      358
      382
      392
      390
      400
      410
      418
      416
      466
      474
      494
      516
      472
      522
      528
      598
      622
      620
      640
      722
      684
      752
      736
      856
      838
      910
      892
      960
      972
     1016
     1084
     1060
     1094
     1184
     1104
     1174
     1252
     1256
     1216
     1178
     1274
     1292
     1268
     1312
     1312
     1284
     1226
     1362
     1240
     1282
     1220
     1126
     1198
     1140
     1112
     1176
     1146
     1050
     1048
     1024
     1050
      936
      986
      934
      912
      896
      842
      856
      822
      768
      742
      742
      806
      718
      732
      724
      654
      654
      610
      670
      584
      630
      590
      578
      586
      592
      564
      540
      538
      566
      478
      538
      472
      512
      462
      470
      496
      488
      478
      450
      414
      446
      428
      404
      396
      426
      382
      404
      428
      418
      386
      394
      330
      352
      378
      356
      350
      378
      340
      318
      320
      328
      340
      292
      318
      316
      358
      278
      282
      294
      326
      328
      304
      310
      306
      324
      322
      316
      344
      326
      334
      332
      340
      350
      364
      380
      372
      446
      368
      406
      388
      400
      424
      484
      476
      448
      476
      512
      512
      464
      476
      530
      532
      536
      520
      496
      514
      518
      500
      522
      570
      478
      490
      542
      524
      458
      504
      492
      496
      412
      424
      450
      414
      392
      414
      420
      372
      364
      370
      356
      362
      340
      314
      358
      324
      328
      322
      294
      298
      310
      262
      272
      236
      258
      248
      244
      252
      224
      246
      212
      238
      232
      224
      224
      206
      204
      202
      230
      228
      196
      226
      214
      198
      182
      190
      204
      168
      202
      178
      192
      154
      168
      194
      198
      178
      176
      182
      210
      158
      158
      192
      188
      192
      164
      174
      182
      180
      178
      186
      164
      184
      192
      146
      170
      190
      194
      190
      214
      200
      198
      188
      180
      178
      182
      196
      204
      176
      168
      208
      188
      208
      210
      204
      214
      194
      222
      218
      216
      250
      204
      224
      220
      240
      242
      200
      222
      220
      202
      252
      224
      204
      218
      224
      222
      188
      222
      212
      188
      224
      212
      206
      218
      192
      214
      204
      186
      194
      228
      214
      192
      194
      182
      218
      198
      204
      216
      242
      234
      228
      208
      216
      206
      224
      234
      222
      216
      228
      216
      210
      230
      216
      228
      220
      236
      218
      252
      266
      268
      240
      258
      266
      252
      260
      300
      292
      292
      308
      326
      332
      330
      346
      356
      360
      400
      378
      386
      434
      406
      476
      448
      442
      468
      540
      502
      534
      552
      534
      532
      530
      550
      600
      598
      660
      666
      588
      608
      652
      630
      600
      650
      618
      610
      630
      642
      632
      592
      566
      652
      618
      618
      606
      644
      622
      632
      626
      604
      644
      588
      598
      588
      578
      500
      546
      522
      560
      534
      516
      488
      540
      518
      474
      474
      506
      462
      486
      546
      484
      474
      472
      462
      504
      544
      462
      448
      476
      432
      422
      432
      460
      458
      458
      456
      466
      434
      424
      466
      418
      452
      460
      464
      466
      458
      478
      470
      450
      498
      472
      414
      476
      514
      468
      478
      476
      454
      472
      444
      474
      468
      466
      474
      458
      434
      476
      458
      432
      412
      402
      402
      388
      380
      392
      378
      366
      366
      378
      348
      402
      352
      356
      328
      318
      328
      304
      326
      264
      300
      318
      312
      300
      278
      274
      234
      258
      266
      272
      278
      246
      250
      248
      286
      236
      250
      286
      250
      266
      272
      268
      262
      262
      258
      260
      238
      264
      234
      276
      276
      298
      260
      242
      274
      228
      256
      254
      212
      252
      210
      226
      270
      230
      244
      212
      226
      234
      236
      220
      214
      206
      232
      196
      200
      242
      186
      202
      208
      204
      192
      190
      186
      220
      200
      180
      206
      210
      196
      176
      190
      164
      170
      210
      154
      174
      180
      188
      200
      168
      176
      168
      174
      172
      168
      152
      154
      164
      180
      176
      166
      190
      178
      178
      176
      178
      182
      196
      164
      172
      188
      172
      192
      168
      186
      188
      170
      168
      188
      200
      174
      176
      146
      196
      184
      166
      190
      178
      210
      198
      194
      188
      192
      182
      172
      192
      196
      202
      198
      232
      208
      206
      198
      210
      208
      224
      230
      198
      212
      214
      236
      232
      246
      248
      256
      242
      246
      272
      240
      242
      268
      272
      238
      262
      274
      234
      230
      264
      264
      220
      260
      252
      272
      256
      252
      216
      232
      252
      244
      252
      256
      260
      244
      224
      222
      218
      222
      224
      222
      216
      206
      192
      184
      196
      196
      176
      186
      196
      180
      194
      190
      186
      176
      194
      174
      154
      152
      158
      176
      176
      160
      168
      168
      166
      170
      156
      148
      148
      142
      132
      158
      168
      170
      162
      168
      190
      148
      152
      160
      134
      146
      144
      170
      140
      174
      154
      164
      148
      152
      158
      176
      166
      150
      180
      150
      140
      168
      154
      138
      138
      170
      146
      138
      176
      136
      152
      146
      156
      148
      146
      156
      144
      148
      148
      148
      162
      156
      152
      154
      140
      158
      126
      158
      194
      168
      136
      158
      152
      172
      144
      166
      188
      164
      144
      150
      180
      154
      148
      172
      208
      182
      194
      172
      176
      154
      198
      182
      168
      180
      198
      196
      174
      194
      198
      212
      226
      196
      204
      194
      206
      190
      208
      202
      216
      242
      222
      216
      258
      232
      260
      194
      234
      254
      258
      242
      288
      242
      290
      276
      232
      260
      274
      300
      252
      266
      286
      288
      290
      250
      254
      272
      298
      290
      244
      268
      306
      260
      256
      302
      272
      280
      246
      310
      246
      280
      268
      250
      258
      226
      264
      258
      276
      256
      250
      278
      246
      268
      268
      260
      270
      262
      268
      272
      274
      244
      272
      272
      256
      290
      294
      242
      266
      276
      284
      298
      294
      300
      286
      302
      284
      280
      316
      286
      294
      324
      282
      278
      302
      300
      296
      340
      304
      316
      312
      304
      282
      344
      322
      360
      358
      336
      360
      358
      340
      374
      342
      348
      350
      344
      344
      334
      360
      334
      340
      332
      320
      320
      332
      304
      306
      314
      306
      328
      312
      302
      274
      318
      312
      314
      288
      312
      292
      282
      314
      288
      296
      294
      270
      296
      296
      292
      262
      302
      284
      260
      288
      280
      276
      260
      278
      266
      290
      308
      282
      304
      288
      322
      304
      310
      290
      318
      338
      278
      310
      354
      348
      386
      336
      350
      344
      426
      398
      396
      412
      438
      408
      416
      438
      446
      442
      494
      548
      584
      538
      556
      600
      604
      650
      618
      664
      736
      702
      728
      710
      768
      766
      804
      862
      858
      834
      796
      854
      900
      856
      854
      894
      814
      812
      860
      794
      802
      786
      794
      812
      786
      792
      760
      762
      712
      790
      688
      724
      690
      674
      668
      652
      638
      664
      616
      628
      596
      586
      540
      534
      534
      550
      500
      486
      452
      494
      460
      418
      442
      420
      440
      436
      384
      386
      380
      358
      356
      376
      360
      338
      300
      324
      294
      292
      302
      298
      280
      322
      312
      326
      336
      322
      314
      294
      294
      330
      308
      326
      304
      312
      328
      280
      314
      342
      346
      316
      324
      332
      336
      354
      364
      340
      366
      364
      370
      354
      376
      392
      398
      386
      380
      350
      410
      370
      360
      398
      370
      384
      426
      418
      380
      384
      422
      396
      390
      390
      386
      406
      376
      390
      392
      376
      336
      374
      372
      398
      372
      352
      340
      308
      322
      320
      324
      324
      292
      322
      296
      282
      304
      300
      260
      278
      260
      292
      264
      240
      282
      258
      272
      240
      230
      244
      222
      218
      198
      240
      218
      210
      210
      234
      204
      206
      212
      176
      206
      178
      204
      214
      214
      210
      188
      180
      204
      180
      210
      200
      202
      194
      232
      196
      178
      206
      186
      160
      202
      212
      190
      210
      204
      194
      218
      208
      170
      206
      186
      208
      176
      188
      218
      208
      216
      202
      236
      210
      192
      186
      202
      222
      246
      248
      212
      208
      234
      222
      196
      232
      232
      238
      218
      198
      232
      242
      216
      236
      210
      236
      224
      230
      230
      200
      208
      222
      220
      208
      214
      208
      220
      232
      236
      218
      218
      222
      204
      202
      220
      214
      198
      230
      188
      200
      192
      196
      190
      182
      176
      206
      174
      174
      196
      192
      174
      180
      192
      210
      176
      196
      172
      176
      196
      198
      184
      216
      172
      178
      192
      182
      204
      190
      174
      188
      166
      204
      196
      196
      188
      196
      172
      190
      204
      184
      176
      182
      184
      168
      176
      204
      176
      184
      174
      186
      178
      166
      184
      184
      150
      174
      194
      180
      176
      176
      154
      146
      164
      152
      168
      164
      180
      164
      158
      174
      152
      136
      160
      170
      160
      148
      152
      170
      136
      184
      166
      192
      154
      136
      180
      152
      156
      144
      132
      158
      164
      144
      146
      158
      150
      164
      154
      164
      170
      154
      164
      202
      190
      196
      170
      196
      186
      176
      184
      184
      186
      180
      218
      216
      198
      210
      200
      218
      222
      208
      210
      204
      198
      226
      244
      218
      216
      222
      238
      228
      234
      232
      238
      234
      236
      250
      210
      242
      218
      228
      226
      228
      226
      244
      230
      242
      242
      258
      228
      220
      216
      228
      224
      234
      204
      246
      226
      216
      214
      210
      220
      168
      226
      206
      218
      246
      226
      212
      206
      198
      218
      200
      196
      210
      212
      196
      210
      224
      206
      238
      248
      202
      242
      210
      234
      216
      202
      206
      224
      204
      242
      204
      220
      226
      226
      212
      228
      202
      238
      232
      262
      228
      218
      252
      224
      212
      254
      256
      234
      280
      244
      262
      250
      262
      268
      278
      272
      264
      250
      294
      258
      274
      282
      300
      298
      322
      310
      268
      260
      300
      304
      316
      308
      276
      318
      270
      270
      268
      272
      284
      308
      292
      282
      298
      270
      316
      318
      268
      330
      298
      268
      322
      284
      330
      344
      312
      336
      314
      310
      344
      342
      320
      326
      376
      350
      372
      350
      344
      362
      354
      368
      332
      342
      368
      342
      368
      352
      358
      330
      346
      350
      370
      334
      326
      334
      340
      340
      342
      332
      338
      340
      350
      366
      326
      352
      356
      360
      328
      348
      350
      336
      332
      362
      382
      370
      348
      336
      370
      314
      350
      354
      340
      320
      322
      326
      326
      314
      340
      330
      334
      368
      320
      316
      336
      332
      360
      368
      380
      310
      328
      356
      360
      364
      350
      336
      346
      346
      350
      352
      304
      316
      364
      350
      290
      314
      330
      298
      310
      300
      286
      284
      290
      262
      288
      270
      264
      294
      290
      296
      270
      276
      262
      242
      292
      266
      234
      240
      244
      254
      278
      252
      238
      248
      284
      252
      238
      234
      248
      260
      264
      260
      264
      222
      268
      224
      246
      246
      252
      238
      210
      268
      222
      246
      234
      214
      222
      260
      224
      252
      264
      260
      258
      212
      240
      256
      230
      248
      250
      210
      216
      234
      228
      222
      214
      224
      190
      226
      234
      198
      206
      202
      214
      196
      218
      220
      198
      214
      200
      202
      184
      214
      184
      198
      188
      192
      210
      196
      186
      174
      186
      174
      182
      198
      186
      158
      178
      160
      192
      184
      180
      178
      170
      178
      168
      168
      172
      160
      178
      200
      156
      162
      180
      176
      172
      188
      172
      162
      206
      166
      190
      170
      174
      180
      166
      170
      190
      170
      168
      178
      174
      164
      168
      152
      176
      170
      178
      182
      196
      160
      180
      174
      186
      168
      192
      160
      180
      154
      180
      166
      162
      176
      152
      166
      180
      160
      174
      160
      184
      144
      162
      184
      166
      176
      170
      158
      160
      178
      150
      162
      162
      166
      174
      182
      196
      180
      208
      222
      176
      158
      192
      198
      170
      198
      182
      184
      222
      222
      190
      214
      220
      258
      224
      222
      246
      238
      212
      226
      222
      242
      224
      226
      214
      246
      206
      222
      234
      194
      208
      212
      194
      210
      222
      220
      192
      224
      190
      216
      234
      220
      198
      202
      190
      182
      196
      216
      192
      202
      192
      210
      196
      182
      174
      186
      184
      178
      162
      172
      162
      186
      168
      160
      180
      152
      160
      170
      170
      152
      178
      156
      146
      148
      174
      158
      150
      154
      160
      168
      136
      160
      140
      174
      150
      146
      136
      156
      144
      160
      160
      160
      142
      174
      160
      166
      166
      186
      148
      180
      152
      156
      170
      158
      170
      168
      150
      158
      178
      166
      178
      176
      162
      166
      152
      180
      172
      170
      192
      178
      166
      186
      188
      198
      194
      200
      182
      188
      202
      210
      200
      206
      204
      194
      198
      200
      214
      210
      222
      220
      232
      202
      212
      214
      264
      264
      250
      250
      282
      282
      274
      264
      264
      310
      278
      296
      298
      332
      288
      280
      312
      324
      328
      328
      330
      312
      290
      300
      290
      312
      320
      314
      350
      326
      350
      326
      308
      346
      312
      352
      344
      304
      300
      354
      344
      364
      364
      378
      354
      352
      376
      380
      394
      378
      404
      412
      384
      392
      378
      406
      390
      388
      408
      380
      384
      400
      392
      396
      380
      394
      382
      370
      374
      386
      370
      396
      354
      372
      394
      376
      344
      366
      382
      374
      318
      388
      352
      384
      348
      364
      352
      358
      372
      370
      346
      380
      330
      326
      334
      354
      354
      356
      352
      338
      366
      374
      358
      364
      356
      338
      342
      348
      348
      374
      352
      324
      362
      344
      336
      330
      338
      334
      338
      348
      324
      332
      288
      298
      308
      286
      308
      288
      308
      294
      288
      258
      308
      290
      278
      242
      312
      266
      294
      286
      272
      272
      262
      254
      270
      264
      250
      268
      278
      246
      236
      228
      212
      232
      226
      222
      236
      238
      234
      246
      224
      226
      232
      230
      224
      212
      230
      220
      232
      222
      244
      248
      232
      224
      228
      216
      228
      228
      208
      206
      196
      200
      182
      256
      252
      210
      212
      226
      230
      234
      218
      226
      252
      242
      224
      210
      224
      228
      234
      228
      202
      220
      218
      220
      234
      198
      208
      228
      246
      208
      228
      236
      246
      212
      184
      208
      184
      182
      210
      222
      192
      226
      228
      218
      204
      182
      198
      186
      202
      186
      180
      208
      184
      174
      164
      232
      192
      190
      196
      206
      198
      166
      212
      206
      174
      200
      196
      208
      174
      212
      178
      176
      190
      186
      216
      228
      226
      216
      212
      238
      232
      214
      242
      204
      224
      218
      218
      220
      202
      238
      236
      234
      232
      210
      206
      208
      254
      212
      254
      230
      228
      232
      242
      208
      222
      236
      252
      228
      204
      252
      252
      218
      222
      252
      234
      224
      226
      218
      256
      224
      222
      202
      238
      244
      246
      206
      262
      248
      252
      262
      258
      252
      248
      246
      282
      258
      256
      254
      252
      244
      264
      268
