



10.000 0.0100 90.000 
      356
      358
      372
      334
      380
      376
      372
      356
      346
      370
      360
      344
      382
      366
      340
      348
      350
      328
      338
      360
      338
      360
      346
      372
      382
      328
      358
      352
      366
      350
      332
      314
      350
      378
      350
      338
      340
      340
      350
      342
      332
      332
      358
      340
      332
      328
      330
      314
      346
      324
      334
      342
      304
      336
      322
      312
      292
      362
      384
      308
      360
      304
      318
      370
      320
      324
      340
      340
      328
      288
      346
      308
      312
      344
      354
      308
      320
      328
      334
      292
      324
      360
      300
      326
      326
      304
      316
      322
      326
      330
      324
      304
      300
      318
      320
      302
      334
      324
      302
      290
      366
      310
      372
      320
      352
      344
      322
      304
      324
      304
      332
      304
      300
      326
      288
      310
      326
      288
      304
      314
      308
      304
      340
      322
      312
      302
      302
      312
      310
      298
      298
      290
      310
      274
      292
      276
      310
      266
      302
      306
      304
      304
      316
      320
      348
      336
      320
      284
      302
      340
      284
      324
      298
      296
      302
      312
      342
      292
      282
      304
      280
      308
      304
      326
      324
      310
      322
      310
      332
      304
      320
      298
      300
      332
      294
      324
      322
      310
      292
      302
      298
      328
      314
      288
      334
      328
      328
      322
      324
      372
      334
      328
      342
      376
      326
      332
      358
      338
      352
      386
      394
      394
      386
      368
      390
      410
      378
      422
      422
      472
      420
      472
      494
      494
      532
      476
      560
      550
      524
      470
      500
      450
      458
      410
      398
      414
      342
      368
      328
      328
      290
      338
      306
      304
      272
      276
      306
      286
      300
      298
      280
      290
      294
      274
      318
      288
      284
      266
      244
      292
      282
      282
      302
      310
      272
      258
      276
      266
      270
      264
      278
      270
      234
      272
      292
      304
      280
      254
      258
      266
      264
      232
      250
      272
      266
      276
      248
      254
      256
      246
      270
      248
      260
      256
      230
      268
      242
      242
      260
      226
      256
      266
      280
      258
      280
      266
      286
      262
      226
      278
      266
      250
      262
      278
      268
      264
      268
      276
      262
      278
      254
      268
      256
      230
      264
      240
      244
      270
      256
      258
      240
      230
      254
      232
      270
      238
      228
      264
      242
      258
      240
      222
      266
      226
      252
      294
      240
      262
      234
      258
      292
      222
      250
      262
      274
      242
      270
      240
      222
      242
      260
      264
      238
      234
      266
      232
      250
      242
      250
      256
      266
      240
      232
      242
      230
      264
      238
      256
      234
      228
      234
      272
      260
      252
      268
      238
      210
      232
      250
      244
      236
      246
      256
      242
      276
      246
      250
      236
      246
      234
      250
      256
      264
      222
      262
      230
      258
      260
      230
      262
      234
      254
      256
      240
      256
      238
      276
      262
      264
      230
      226
      258
      256
      226
      238
      230
      222
      240
      250
      240
      240
      244
      242
      264
      226
      250
      264
      238
      250
      252
      256
      266
      246
      264
      214
      250
      274
      268
      268
      248
      266
      270
      224
      270
      250
      248
      262
      252
      288
      280
      272
      258
      290
      274
      322
      274
      268
      292
      280
      260
      300
      298
      342
      334
      326
      324
      344
      380
      374
      394
      374
      402
      408
      370
      404
      398
      430
      400
      480
      500
      524
      492
      536
      546
      554
      602
      606
      614
      636
      698
      694
      732
      762
      804
      896
      900
      962
     1026
     1000
     1168
     1210
     1228
     1396
     1418
     1522
     1558
     1698
     1842
     1886
     2072
     2176
     2398
     2484
     2710
     2676
     2802
     2922
     2956
     2878
     2864
     2644
     2580
     2298
     2058
     1864
     1662
     1454
     1218
     1000
      920
      822
      730
      728
      626
      566
      564
      512
      482
      506
      454
      448
      418
      400
      424
      366
      370
      396
      338
      336
      314
      344
      302
      322
      296
      312
      314
      292
      300
      288
      288
      270
      248
      276
      270
      280
      238
      236
      240
      242
      236
      280
      214
      232
      246
      228
      286
      270
      238
      260
      254
      262
      226
      214
      234
      226
      232
      256
      232
      254
      210
      254
      268
      232
      250
      248
      228
      222
      248
      270
      260
      222
      234
      270
      266
      218
      254
      230
      258
      230
      222
      250
      258
      244
      260
      254
      254
      264
      264
      274
      286
      302
      244
      240
      254
      284
      282
      270
      276
      274
      284
      280
      308
      296
      316
      256
      290
      252
      284
      322
      316
      280
      322
      292
      322
      316
      316
      306
      316
      326
      324
      314
      300
      382
      378
      352
      380
      432
      388
      406
      440
      476
      446
      484
      490
      506
      556
      568
      598
      594
      654
      678
      714
      730
      792
      860
      736
      906
      902
      960
     1076
     1124
     1150
     1340
     1328
     1490
     1538
     1648
     1806
     1978
     2168
     2266
     2488
     2598
     2892
     3048
     3294
     3612
     3714
     4040
     4336
     4570
     4694
     4620
     4672
     4474
     4350
     3946
     3528
     3172
     2790
     2468
     1986
     1872
     1550
     1466
     1252
     1128
     1044
      978
      906
      900
      824
      792
      750
      704
      708
      704
      626
      612
      664
      632
      566
      610
      540
      542
      506
      524
      484
      484
      432
      512
      482
      438
      466
      456
      416
      496
      444
      434
      450
      486
      504
      516
      488
      504
      520
      506
      522
      556
      594
      610
      658
      554
      680
      738
      772
      844
      830
      970
      930
     1072
     1108
     1108
     1246
     1236
     1240
     1410
     1386
     1418
     1450
     1444
     1390
     1416
     1330
     1238
     1176
     1064
     1026
      864
      812
      742
      610
      580
      552
      504
      448
      434
      426
      342
      352
      346
      330
      326
      300
      310
      322
      264
      280
      282
      278
      244
      252
      252
      262
      238
      238
      246
      232
      222
      224
      248
      226
      234
      208
      196
      232
      250
      198
      204
      224
      216
      196
      224
      246
      210
      204
      212
      210
      204
      220
      186
      194
      194
      188
      234
      234
      196
      196
      200
      198
      196
      222
      212
      200
      204
      186
      224
      216
      170
      178
      204
      178
      206
      230
      194
      224
      198
      172
      188
      188
      194
      204
      200
      190
      190
      224
      204
      224
      204
      204
      204
      196
      196
      202
      216
      218
      218
      192
      202
      210
      190
      220
      238
      206
      212
      198
      218
      212
      214
      206
      226
      214
      244
      200
      210
      236
      232
      226
      244
      252
      242
      248
      246
      224
      242
      282
      242
      264
      260
      248
      262
      250
      266
      304
      268
      310
      310
      302
      348
      354
      350
      364
      396
      370
      422
      446
      434
      510
      546
      538
      522
      610
      614
      700
      702
      752
      782
      868
      838
      908
      886
      910
      904
      974
      880
      880
      794
      754
      748
      696
      598
      578
      558
      542
      466
      460
      434
      420
      400
      356
      392
      344
      380
      396
      402
      366
      426
      396
      420
      482
      434
      432
      506
      480
      466
      488
      558
      586
      638
      608
      654
      656
      686
      728
      738
      738
      744
      766
      786
      716
      686
      666
      702
      578
      602
      486
      472
      392
      382
      354
      352
      354
      298
      280
      274
      288
      280
      256
      244
      268
      216
      222
      220
      240
      262
      250
      218
      212
      210
      214
      208
      194
      220
      200
      216
      228
      210
      232
      204
      202
      212
      214
      226
      226
      184
      208
      204
      200
      190
      200
      178
      198
      180
      186
      184
      190
      202
      194
      192
      216
      208
      204
      202
      210
      192
      220
      226
      228
      188
      230
      192
      210
      208
      218
      240
      208
      222
      262
      220
      210
      250
      238
      262
      244
      306
      238
      278
      286
      310
      324
      332
      334
      382
      336
      332
      362
      398
      434
      476
      408
      500
      520
      564
      592
      584
      660
      748
      740
      800
      874
      978
      938
     1006
     1090
     1164
     1102
     1184
     1242
     1290
     1216
     1166
     1130
     1068
      980
      898
      832
      790
      680
      594
      644
      522
      478
      432
      442
      384
      360
      332
      334
      306
      280
      260
      256
      228
      240
      258
      224
      246
      192
      232
      220
      254
      224
      190
      204
      192
      192
      198
      198
      208
      194
      198
      180
      210
      174
      210
      192
      164
      202
      162
      180
      200
      196
      188
      190
      182
      168
      192
      164
      190
      204
      154
      182
      190
      202
      178
      170
      172
      198
      162
      162
      212
      186
      202
      176
      188
      166
      176
      178
      176
      196
      188
      174
      202
      178
      182
      190
      170
      178
      174
      186
      192
      196
      180
      212
      172
      184
      174
      192
      160
      190
      216
      198
      194
      204
      206
      200
      178
      170
      196
      184
      198
      186
      184
      178
      218
      198
      190
      204
      198
      218
      216
      244
      238
      222
      230
      222
      248
      246
      246
      294
      284
      252
      250
      274
      306
      286
      314
      298
      320
      344
      344
      354
      396
      418
      474
      474
      510
      504
      576
      594
      672
      680
      662
      732
      784
      880
      932
      932
     1068
     1056
     1166
     1130
     1202
     1206
     1158
     1202
     1190
     1098
      998
      960
      952
      850
      784
      686
      650
      584
      536
      486
      438
      414
      412
      390
      304
      328
      332
      286
      292
      298
      286
      274
      246
      252
      250
      250
      220
      232
      256
      202
      220
      214
      224
      234
      208
      194
      242
      214
      222
      230
      198
      222
      192
      192
      192
      192
      172
      184
      190
      178
      206
      178
      216
      174
      186
      188
      200
      172
      206
      182
      188
      172
      200
      218
      162
      192
      210
      200
      162
      194
      178
      190
      202
      196
      198
      178
      166
      186
      190
      172
      174
      182
      204
      180
      176
      192
      162
      190
      166
      176
      178
      158
      172
      172
      172
      218
      216
      196
      190
      174
      198
      198
      184
      192
      214
      194
      206
      198
      200
      186
      204
      204
      208
      224
      198
      214
      216
      188
      206
      202
      226
      212
      206
      212
      208
      204
      236
      220
      272
      240
      262
      278
      218
      268
      270
      320
      260
      264
      314
      290
      292
      308
      322
      362
      338
      384
      404
      422
      448
      460
      514
      546
      588
      594
      628
      674
      708
      760
      800
      798
      864
      864
      848
      884
      930
      886
      894
      830
      832
      858
      796
      782
      774
      776
      776
      750
      800
      822
      842
      828
      844
      876
      878
      842
      850
      838
      848
      898
      848
      876
      806
      826
      818
      780
      702
      710
      602
      610
      510
      568
      552
      516
      514
      506
      532
      496
      510
      484
      478
      508
      540
      500
      514
      526
      590
      578
      610
      644
      616
      670
      750
      736
      810
      828
      892
      886
     1008
     1106
     1062
     1204
     1280
     1370
     1474
     1520
     1642
     1706
     1740
     1894
     2036
     1980
     2024
     2110
     2090
     1968
     1958
     1832
     1706
     1570
     1514
     1410
     1258
     1218
     1146
      982
      894
      840
      760
      690
      680
      632
      632
      538
      534
      560
      550
      560
      534
      534
      530
      538
      494
      504
      486
      460
      452
      428
      436
      372
      408
      378
      318
      332
      298
      312
      302
      272
      282
      274
      258
      272
      270
      262
      266
      272
      232
      212
      258
      230
      224
      218
      230
      226
      226
      202
      238
      216
      224
      204
      210
      200
      202
      212
      216
      206
      194
      204
      216
      188
      204
      190
      214
      210
      192
      216
      212
      208
      176
      196
      200
      180
      204
      192
      216
      190
      198
      206
      202
      170
      194
      222
      196
      206
      198
      212
      236
      204
      208
      206
      228
      206
      232
      170
      224
      210
      202
      212
      208
      202
      202
      232
      242
      196
      194
      222
      238
      216
      228
      220
      226
      242
      206
      194
      226
      204
      192
      216
      218
      194
      210
      220
      204
      214
      218
      214
      198
      188
      200
      208
      204
      196
      236
      180
      212
      206
      202
      188
      184
      224
      220
      200
      222
      200
      208
      184
      212
      200
      202
      226
      216
      184
      186
      218
      218
      206
      220
      200
      192
      230
      210
      226
      220
      240
      256
      232
      250
      236
      220
      238
      252
      290
      274
      256
      296
      282
      294
      318
      332
      332
      362
      358
      390
      426
      450
      480
      492
      490
      556
      554
      616
      638
      638
      644
      710
      750
      758
      758
      778
      824
      804
      794
      780
      772
      780
      734
      672
      666
      588
      594
      566
      520
      490
      482
      444
      408
      390
      344
      360
      326
      312
      302
      342
      308
      236
      256
      246
      250
      264
      270
      254
      238
      236
      260
      220
      252
      258
      238
      254
      220
      222
      226
      216
      228
      228
      236
      228
      242
      218
      232
      216
      238
      240
      216
      246
      240
      220
      226
      218
      222
      216
      220
      230
      244
      218
      218
      238
      268
      236
      268
      264
      266
      268
      272
      266
      288
      280
      286
      312
      302
      288
      274
      330
      336
      320
      326
      316
      334
      332
      358
      356
      334
      362
      344
      332
      316
      330
      306
      300
      334
      320
      340
      334
      384
      350
      354
      348
      402
      388
      448
      406
      432
      454
      446
      500
      538
      510
      540
      598
      588
      640
      598
      616
      614
      640
      606
      618
      582
      586
      528
      522
      540
      480
      474
      452
      450
      384
      368
      358
      380
      374
      338
      310
      322
      316
      288
      278
      300
      324
      330
      314
      318
      304
      318
      280
      342
      304
      304
      260
      272
      304
      304
      314
      302
      282
      310
      328
      326
      298
      324
      318
      376
      348
      334
      370
      358
      360
      384
      342
      412
      418
      418
      450
      436
      448
      512
      470
      506
      508
      536
      604
      606
      610
      678
      662
      704
      756
      828
      804
      906
      898
     1018
     1068
     1196
     1164
     1212
     1330
     1482
     1516
     1498
     1684
     1740
     1762
     1934
     2014
     2020
     2174
     2126
     2160
     2102
     2104
     2038
     2042
     1822
     1860
     1704
     1582
     1490
     1494
     1318
     1290
     1240
     1130
     1036
     1000
      952
      898
      874
      868
      796
      772
      762
      758
      746
      768
      776
      774
      832
      778
      794
      808
      794
      886
      922
      920
      940
     1002
     1080
     1084
     1196
     1170
     1294
     1404
     1382
     1412
     1494
     1520
     1628
     1652
     1676
     1650
     1672
     1692
     1714
     1804
     1586
     1692
     1718
     1738
     1652
     1738
     1714
     1668
     1724
     1822
     1836
     1852
     1872
     1976
     2040
     2076
     2308
     2396
     2398
     2606
     2740
     3004
     3208
     3234
     3552
     3834
     4106
     4396
     4716
     4978
     5596
     6030
     6466
     6812
     7440
     7964
     8412
     9140
     9776
    10302
    10790
    11298
    11862
    12142
    12374
    12556
    12242
    11954
    11758
    11428
    10824
    10276
     9438
     8834
     8186
     7846
     7008
     6408
     5766
     5350
     4744
     4286
     3886
     3510
     3092
     2782
     2628
     2390
     2282
     2066
     1940
     1810
     1644
     1572
     1470
     1444
     1394
     1234
     1190
     1152
     1106
     1026
      934
      858
      872
      830
      798
      762
      720
      748
      686
      634
      600
      620
      588
      576
      550
      514
      448
      486
      466
      462
      454
      426
      430
      418
      410
      374
      408
      368
      364
      382
      364
      332
      362
      344
      302
      316
      316
      330
      302
      326
      304
      322
      332
      296
      316
      306
      298
      320
      300
      278
      304
      288
      276
      310
      298
      278
      288
      302
      298
      320
      312
      310
      274
      358
      322
      338
      308
      332
      362
      352
      356
      306
      348
      374
      366
      420
      382
      400
      430
      404
      454
      488
      512
      528
      498
      518
      574
      594
      644
      650
      668
      686
      740
      688
      760
      700
      710
      688
      664
      690
      668
      644
      638
      640
      614
      552
      546
      520
      528
      486
      520
      462
      502
      490
      498
      510
      478
      496
      466
      544
      526
      526
      488
      534
      566
      616
      596
      674
      706
      734
      750
      808
      864
      910
      958
     1056
     1130
     1116
     1220
     1320
     1474
     1462
     1558
     1646
     1736
     1848
     1916
     1892
     2014
     2004
     2046
     2094
     2052
     2074
     2012
     1954
     1960
     1786
     1734
     1714
     1628
     1488
     1434
     1288
     1252
     1148
     1102
     1098
      942
      902
      890
      792
      772
      656
      644
      628
      604
      568
      560
      532
      526
      490
      530
      446
      468
      418
      490
      478
      446
      466
      500
      466
      452
      512
      466
      524
      506
      500
      522
      510
      518
      542
      526
      542
      572
      568
      526
      558
      504
      492
      468
      438
      468
      454
      460
      404
      392
      362
      352
      322
      336
      304
      292
      314
      296
      270
      284
      282
      296
      270
      264
      264
      268
      216
      224
      272
      240
      238
      224
      226
      226
      222
      208
      212
      220
      224
      200
      228
      234
      224
      194
      214
      216
      242
      200
      228
      250
      212
      218
      180
      218
      216
      164
      206
      220
      210
      206
      210
      192
      184
      182
      208
      206
      202
      228
      222
      194
      234
      218
      186
      192
      208
      202
      206
      222
      202
      210
      198
      206
      198
      210
      214
      194
      186
      192
      210
      234
      216
      250
      214
      216
      262
      232
      208
      236
      262
      248
      266
      234
      232
      278
      264
      244
      276
      266
      310
      268
      274
      330
      320
      336
      340
      346
      416
      340
      430
      426
      454
      508
      516
      550
      622
      600
      628
      758
      748
      792
      840
      900
      954
     1062
     1046
     1092
     1056
     1114
     1092
     1086
     1036
     1038
      954
      932
      934
      874
      842
      780
      706
      716
      644
      602
      558
      552
      514
      478
      462
      440
      430
      378
      358
      350
      346
      336
      312
      294
      330
      296
      308
      280
      272
      308
      286
      252
      248
      306
      276
      270
      242
      260
      286
      214
      238
      208
      248
      222
      254
      244
      272
      222
      244
      236
      204
      222
      242
      220
      210
      196
      230
      190
      214
      212
      194
      216
      220
      204
      226
      226
      212
      204
      236
      204
      202
      218
      220
      214
      194
      224
      216
      206
      228
      210
      232
      250
      242
      216
      230
      218
      214
      204
      226
      240
      250
      248
      200
      246
      220
      248
      248
      250
      248
      236
      258
      256
      270
      272
      258
      258
      256
      290
      262
      276
      284
      270
      262
      310
      282
      290
      282
      298
      304
      304
      292
      354
      298
      376
      366
      326
      390
      352
      378
      382
      380
      438
      442
      436
      464
      470
      516
      534
      514
      572
      600
      632
      700
      748
      684
      748
      796
      834
      874
      946
      928
      990
     1062
     1074
     1110
     1134
     1130
     1092
     1142
     1140
     1092
     1134
     1112
     1010
      954
      992
      898
      910
      900
      844
      756
      664
      680
      632
      612
      590
      576
      538
      500
      484
      466
      470
      400
      406
      408
      386
      362
      358
      358
      362
      340
      366
      348
      370
      336
      322
      324
      338
      294
      280
      302
      328
      316
      300
      340
      356
      326
      326
      332
      320
      364
      344
      338
      372
      384
      360
      380
      378
      404
      444
      438
      432
      458
      524
      504
      592
      506
      612
      582
      562
      620
      628
      642
      650
      662
      702
      680
      656
      672
      676
      658
      624
      658
      636
      608
      618
      592
      584
      556
      590
      576
      542
      566
      546
      586
      500
      558
      570
      582
      560
      588
      588
      574
      578
      580
      562
      538
      522
      550
      474
      500
      480
      474
      468
      454
      432
      464
      424
      440
      412
      374
      402
      380
      410
      380
      378
      384
      342
      298
      326
      354
      328
      348
      340
      292
      328
      324
      340
      344
      354
      350
      360
      330
      344
      330
      342
      334
      338
      354
      340
      330
      336
      360
      360
      338
      334
      372
      392
      362
      356
      398
      382
      382
      432
      412
      426
      460
      448
      420
      458
      486
      522
      486
      526
      582
      560
      560
      588
      632
      642
      678
      702
      668
      782
      760
      758
      850
      828
      790
      794
      820
      886
      842
      890
      888
      870
      818
      858
      822
      810
      872
      878
      912
      854
      956
      886
      902
      944
      978
      994
     1010
     1016
     1052
     1152
     1182
     1196
     1238
     1312
     1398
     1404
     1550
     1620
     1688
     1778
     1948
     2094
     2166
     2314
     2382
     2332
     2644
     2846
     3040
     3184
     3396
     3400
     3668
     3904
     3988
     4262
     4464
     4764
     5026
     5328
     5382
     5720
     5906
     6144
     6042
     6398
     6500
     6374
     6310
     6308
     6268
     6072
     5962
     5762
     5568
     5388
     5084
     4940
     4786
     4486
     4248
     3806
     3642
     3456
     3158
     3068
     2818
     2672
     2552
     2376
     2226
     2100
     2012
     2016
     1848
     1804
     1622
     1558
     1548
     1456
     1438
     1404
     1424
     1408
     1354
     1330
     1300
     1322
     1334
     1284
     1316
     1272
     1302
     1266
     1312
     1354
     1314
     1286
     1162
     1248
     1290
     1232
     1236
     1270
     1234
     1266
     1262
     1280
     1212
     1296
     1298
     1222
     1316
     1418
     1384
     1446
     1354
     1450
     1402
     1428
     1466
     1450
     1402
     1380
     1358
     1308
     1350
     1248
     1186
     1220
     1170
     1174
     1122
     1058
     1040
     1038
     1034
      984
     1004
      966
     1026
      922
      926
      922
      936
      918
      932
      948
      970
      870
      968
      940
      928
      912
      894
      906
      884
      904
      794
      864
      808
      810
      752
      794
      700
      706
      722
      720
      718
      670
      634
      650
      636
      604
      668
      706
      650
      624
      628
      672
      660
      686
      678
      708
      688
      716
      768
      780
      760
      770
      880
      824
      896
      948
      940
      972
      970
     1034
     1022
     1062
     1100
     1106
     1134
     1140
     1116
     1168
     1090
     1108
     1194
     1080
     1048
     1112
     1054
     1038
     1096
     1046
     1076
     1108
     1062
     1052
     1132
     1114
     1182
     1200
     1196
     1270
     1284
     1402
     1424
     1460
     1496
     1510
     1568
     1616
     1662
     1754
     1674
     1748
     1706
     1684
     1608
     1666
     1676
     1602
     1558
     1492
     1436
     1418
     1404
     1320
     1298
     1272
     1182
     1096
     1038
     1002
      910
      878
      876
      782
      786
      770
      724
      726
      728
      612
      642
      626
      638
      598
      604
      610
      572
      586
      584
      578
      618
      584
      568
      582
      590
      614
      578
      560
      596
      642
      624
      626
      676
      724
      688
      722
      780
      722
      820
      892
      864
      900
      968
     1036
     1068
     1084
     1092
     1144
     1276
     1272
     1328
     1348
     1396
     1450
     1548
     1532
     1640
     1572
     1658
     1652
     1746
     1706
     1722
     1844
     1950
     1944
     2032
     2138
     2260
     2258
     2224
     2394
     2522
     2500
     2530
     2570
     2666
     2588
     2676
     2588
     2606
     2594
     2510
     2454
     2244
     2278
     2232
     2100
     2038
     1968
     1930
     1694
     1734
     1580
     1564
     1410
     1310
     1246
     1218
     1166
     1066
     1014
     1022
      966
      948
      952
      956
      936
      912
      908
      840
      898
      890
      922
      850
      784
      830
      790
      834
      834
      774
      758
      736
      696
      684
      674
      648
      632
      614
      618
      574
      554
      612
      560
      558
      514
      500
      472
      494
      406
      438
      428
      422
      416
      396
      408
      382
      388
      392
      346
      356
      370
      338
      342
      364
      318
      348
      344
      336
      344
      344
      326
      376
      322
      328
      326
      334
      340
      338
      332
      302
      288
      318
      330
      324
      274
      310
      302
      334
      330
      324
      308
      276
      278
      290
      282
      308
      306
      316
      302
      328
      304
      296
      304
      264
      304
      300
      308
      300
      302
      308
      320
      290
      314
      316
      284
      314
      306
      304
      310
      270
      318
      320
      334
      324
      376
      376
      344
      356
      352
      338
      364
      390
      372
      412
      390
      462
      436
      452
      420
      420
      526
      474
      464
      550
      536
      550
      588
      592
      606
      702
      676
      676
      692
      748
      766
      764
      750
      738
      764
      758
      726
      718
      730
      724
      734
      688
      622
      670
      604
      632
      596
      588
      514
      582
      534
      502
      476
      466
      450
      446
      432
      390
      418
      420
      376
      396
      404
      348
      332
      356
      340
      352
      352
      354
      362
      316
      308
      370
      334
      338
      328
      328
      366
      376
      324
      356
      354
      328
      356
      370
      346
      334
      364
      358
      366
      376
      376
      366
      390
      394
      368
      382
      394
      360
      360
      378
      356
      396
      414
      402
      380
      346
      402
      372
      384
      382
      352
      336
      318
      364
      366
      394
      352
      378
      404
      366
      388
      382
      382
      424
      386
      474
      384
      432
      434
      388
      446
      458
      474
      476
      460
      486
      468
      532
      496
      512
      508
      514
      500
      474
      484
      464
      516
      500
      474
      502
      448
      470
      460
      446
      438
      446
      428
      442
      440
      460
      432
      378
      452
      418
      434
      428
      432
      394
      406
      418
      446
      456
      484
      446
      452
      436
      454
      462
      496
      482
      518
      544
      500
      528
      546
      560
      560
      538
      632
      614
      614
      618
      634
      760
      796
      726
      814
      836
      884
      858
      906
     1048
     1068
     1116
     1162
     1210
     1318
     1380
     1442
     1452
     1466
     1540
     1678
     1692
     1852
     1796
     1868
     1948
     1908
     2054
     2170
     2180
     2288
     2298
     2452
     2376
     2448
     2688
     2658
     2746
     2782
     2894
     3054
     2898
     3000
     3000
     2948
     3066
     2910
     2918
     2924
     2868
     2760
     2760
     2818
     2820
     2674
     2544
     2538
     2598
     2570
     2502
     2416
     2418
     2376
     2258
     2216
     2126
     2206
     2072
     2046
     2028
     1926
     1908
     1808
     1676
     1632
     1638
     1560
     1436
     1366
     1388
     1318
     1256
     1214
     1154
     1128
      976
      994
      954
      966
      850
      810
      798
      816
      718
      752
      692
      706
      662
      608
      614
      626
      624
      634
      614
      584
      572
      560
      574
      572
      546
      562
      542
      542
      528
      528
      534
      534
      512
      530
      494
      540
      518
      552
      526
      480
      546
      550
      494
      516
      572
      570
      520
      560
      574
      570
      568
      614
      580
      612
      614
      620
      664
      622
      692
      688
      708
      684
      754
      764
      764
      798
      800
      876
      878
      864
      894
      948
      992
     1110
     1066
     1178
     1170
     1308
     1398
     1364
     1418
     1560
     1510
     1680
     1666
     1754
     1848
     1940
     1906
     1966
     1954
     2138
     2206
     2326
     2372
     2358
     2422
     2546
     2628
     2630
     2698
     2724
     2782
     2748
     2692
     2650
     2742
     2646
     2634
     2540
     2470
     2412
     2342
     2240
     2188
     2110
     2036
     1924
     1902
     1768
     1748
     1604
     1510
     1424
     1346
     1258
     1224
     1162
     1166
     1004
      996
      938
      876
      768
      788
      752
      748
      698
      612
      680
      606
      594
      532
      558
      564
      522
      536
      496
      458
      484
      496
      428
      456
      454
      446
      420
      408
      402
      426
      356
      382
      406
      388
      398
      376
      370
      396
      328
      388
      386
      362
      354
      386
      350
      362
      366
      390
      312
      368
      336
      390
      346
      354
      348
      330
      330
      354
      292
      350
      316
      334
      328
      322
      336
      300
      336
      358
      306
      368
      316
      312
      368
      336
      322
      342
      348
      362
      362
      364
      350
      346
      374
      356
      380
      348
      374
      382
      390
      404
      344
      396
      352
      388
      380
      386
      372
      382
      366
      378
      350
      382
      360
      356
      356
      378
      370
      334
      380
      374
      336
      376
      358
      372
      380
      370
      354
      368
      396
      384
      380
      378
      418
      418
      424
      432
      430
      440
      470
      402
      416
      444
      396
      444
      438
      452
      478
      492
      458
      498
      498
      510
      530
      522
      510
      554
      522
      566
      566
      576
      572
      612
      634
      686
      682
      714
      702
      724
      796
      776
      732
      818
      754
      760
      786
      748
      766
      742
      776
      706
      756
      696
      708
      650
      692
      688
      614
      700
      614
      594
      560
      570
      564
      532
      516
      530
      456
      444
      410
      422
      394
      412
      400
      412
      350
      394
      328
      344
      366
      358
      334
      336
      330
      306
      300
      360
      310
      308
      276
      302
      314
      288
      266
      276
      288
      266
      274
      274
      258
      284
      294
      258
      240
      290
      260
      256
      246
      252
      268
      282
      286
      264
      282
      226
      284
      264
      274
      304
      268
      252
      282
      246
      246
      268
      268
      266
      268
      274
      248
      254
      252
      270
      268
      308
      278
      268
      268
      240
      282
      266
      258
      270
      296
      282
      308
      276
      292
      276
      306
      314
      284
      280
      294
      264
      316
      282
      306
      350
      318
      274
      306
      296
      310
      328
      302
      300
      320
      330
      324
      318
      330
      344
      344
      374
      346
      346
      362
      364
      406
      370
      392
      390
      408
      426
      426
      438
      430
      462
      442
      468
      472
      468
      498
      518
      538
      564
      612
      610
      668
      674
      624
      714
      702
      792
      838
      804
      886
      898
      930
      906
      902
      980
      970
      988
     1000
     1016
      982
     1024
     1044
     1058
     1028
     1046
      970
     1078
     1046
      986
     1146
     1058
     1068
     1138
     1126
     1164
     1076
     1136
     1170
     1182
     1192
     1196
     1252
     1380
     1410
     1406
     1406
     1470
     1528
     1582
     1566
     1746
     1762
     1810
     1908
     1986
     2066
     2242
     2322
     2446
     2686
     2668
     2764
     2934
     2866
     2932
     3064
     3118
     3180
     3206
     3220
     3138
     2884
     3122
     2926
     3006
     2824
     2780
     2702
     2668
     2596
     2564
     2452
     2348
     2360
     2154
     2130
     1972
     1956
     1784
     1686
     1726
     1542
     1526
     1412
     1382
     1376
     1212
     1208
     1180
     1118
     1042
     1048
      966
      922
      918
      920
      866
      924
      866
      874
      802
      800
      796
      762
      738
      694
      710
      702
      722
      790
      718
      678
      696
      704
      740
      706
      688
      662
      728
      694
      694
      716
      682
      692
      696
      662
      708
      666
      734
      710
      706
      706
      672
      712
      718
      804
      706
      788
      808
      794
      812
      860
      884
      884
      832
      938
      978
      956
      994
     1004
     1146
     1170
     1078
     1270
     1262
     1296
     1378
     1432
     1432
     1664
     1622
     1740
     1784
     1858
     2030
     2100
     2110
     2226
     2402
     2444
     2580
     2672
     2652
     2662
     2838
     2834
     2896
     2882
     2706
     2894
     2730
     2678
     2664
     2448
     2490
     2392
     2418
     2362
     2182
     2082
     2116
     2010
     1906
     1846
     1712
     1658
     1524
     1482
     1488
     1294
     1334
     1148
     1108
     1094
     1018
     1032
      986
      878
      836
      804
      842
      762
      790
      752
      756
      742
      722
      768
      736
      720
      736
      650
      742
      758
      736
      746
      770
      736
      792
      758
      742
      778
      788
      792
      826
      842
      796
      846
      838
      862
      826
      892
      854
      952
      978
      938
      954
      922
      956
      966
     1042
      980
      954
      960
      966
     1058
      948
      966
      958
      972
      908
      876
      878
      848
      812
      870
      822
      800
      778
      804
      756
      698
      712
      666
      620
      610
      680
      684
      648
      592
      578
      600
      618
      556
      578
      554
      552
      540
      562
      570
      570
      624
      586
      582
      586
      630
      596
      624
      600
      598
      670
      696
      672
      672
      654
      650
      648
      624
      626
      620
      622
      600
      616
      584
      558
      604
      618
      574
      624
      584
      532
      548
      556
      536
      522
      560
      512
      520
      484
      560
      460
      524
      474
      496
      502
      508
      542
      530
      536
      522
      516
      544
      508
      468
      504
      502
      568
      534
      562
      508
      518
      506
      546
      548
      532
      576
      550
      542
      486
      522
      540
      540
      510
      532
      556
      546
      540
      522
      536
      536
      504
      582
      558
      548
      508
      488
      516
      526
      524
      534
      484
      544
      534
      526
      482
      600
      564
      586
      600
      580
      636
      636
      630
      628
      632
      674
      710
      696
      748
      764
      788
      816
      800
      818
      924
      874
      830
      910
      878
      876
      864
      922
      922
      950
      908
      924
     1018
     1016
     1054
     1034
     1048
     1028
     1004
     1120
     1082
     1102
     1082
     1116
     1086
     1038
     1074
     1016
     1028
     1022
     1028
     1020
      916
      998
      932
      894
      838
      900
      840
      808
      788
      810
      816
      784
      678
      756
      730
      690
      632
      656
      660
      664
      630
      648
      618
      604
      612
      626
      604
      606
      592
      642
      614
      606
      598
      566
      592
      646
      610
      592
      692
      612
      620
      642
      684
      672
      692
      730
      698
      730
      764
      770
      800
      758
      862
      854
      838
      816
      838
      824
      840
      828
      894
      816
      850
      846
      846
      802
      840
      854
      822
      820
      792
      752
      784
      788
      762
      744
      714
      776
      748
      758
      772
      716
      720
      684
      646
      628
      646
      634
      570
      622
      586
      558
      590
      558
      486
      492
      518
      512
      474
      480
      500
      442
      466
      468
      392
      434
      392
      356
      386
      376
      358
      368
      362
      340
      350
      332
      350
      336
      336
      326
      330
      280
      302
      300
      278
      304
      328
      300
      294
      304
      286
      294
      280
      274
      278
      296
      304
      308
      288
      270
      294
      264
      292
      310
      302
      318
      278
      314
      298
      286
      282
      292
      300
      290
      290
      312
      316
      322
      320
      330
      344
      362
      348
      322
      328
      352
      338
      334
      350
      336
      334
      300
      352
      352
      332
      322
      330
      332
      392
      324
      368
      348
      384
      386
      374
      392
      372
      406
      422
      402
      410
      396
      438
      424
      458
      462
      502
      448
      484
      532
      470
      502
      566
      562
      574
      624
      648
      676
      678
      702
      768
      764
      756
      824
      812
      830
      832
      884
      874
      934
      868
      938
      866
      836
      898
      862
      896
      782
      832
      820
      832
      778
      784
      758
      754
      770
      670
      716
      692
      682
      634
      608
      620
      630
      604
      550
      550
      488
      538
      484
      482
      472
      508
      546
      464
      490
      442
      460
      478
      472
      476
      476
      464
      442
      438
      488
      536
      500
      498
      510
      498
      546
      518
      560
      536
      554
      536
      580
      542
      602
      560
      576
      560
      512
      570
      542
      514
      586
      554
      552
      568
      516
      518
      574
      534
      558
      514
      510
      538
      540
      506
      514
      492
      524
      540
      570
      530
      522
      514
      532
      582
      566
      568
      604
      578
      540
      588
      626
      594
      554
      580
      512
      532
      510
      538
      536
      500
      490
      530
      512
      502
      494
      484
      508
      462
      468
      432
      444
      458
      450
      416
      436
      436
      444
      448
      416
      396
      460
      406
      416
      394
      462
      400
      410
      410
      448
      402
      430
      422
      448
      388
      470
      414
      476
      470
      488
      502
      500
      484
      510
      508
      522
      552
      580
      514
      530
      574
      578
      584
      596
      636
      626
      644
      676
      642
      648
      674
      688
      708
      732
      690
      696
      774
      792
      822
      788
      812
      832
      840
      872
      896
      848
      926
      950
      968
     1006
      972
      978
      980
     1030
     1032
     1064
     1080
     1052
     1038
     1094
     1126
     1058
     1102
     1036
     1030
     1034
      984
     1074
     1004
      968
     1076
     1010
     1030
      948
      966
     1008
      922
      952
      950
      880
      912
      878
      944
      808
      956
      888
      890
      774
      940
      870
      898
      872
      830
      888
      952
      872
      914
      988
      942
      956
     1048
     1130
     1086
     1190
     1134
     1156
     1208
     1256
     1302
     1406
     1426
     1560
     1598
     1534
     1604
     1738
     1828
     1916
     1958
     2136
     2146
     2292
     2230
     2460
     2470
     2496
     2506
     2616
     2666
     2620
     2760
     2738
     2700
     2620
     2612
     2560
     2558
     2462
     2422
     2428
     2304
     2376
     2240
     2154
     2124
     2020
     2034
     2006
     1972
     1902
     1866
     1756
     1708
     1640
     1586
     1456
     1438
     1428
     1324
     1304
     1296
     1246
     1196
     1128
     1060
     1070
      978
      996
      958
      940
      902
      888
      890
      858
      756
      760
      720
      718
      682
      712
      694
      714
      702
      700
      618
      630
      604
      574
      584
      568
      500
      574
      498
      472
      492
      468
      476
      458
      434
      416
      462
      436
      452
      422
      430
      404
      380
      406
      402
      396
      374
      350
      394
      378
      368
      362
      330
      394
      348
      322
      328
      334
      346
      330
      304
      344
      334
      368
      334
      328
      328
      328
      314
      352
      312
      328
      332
      334
      336
      312
      306
      316
      316
      330
      308
      300
      330
      330
      310
      342
      332
      284
      348
      294
      334
      336
      330
      358
      352
      348
      318
      310
      358
      364
      332
      358
      368
      348
      364
      392
      352
      382
      406
      368
      376
      388
      412
      404
      380
      424
      430
      448
      416
      438
      462
      460
      444
      456
      514
      534
      544
      506
      550
      514
      566
      492
      578
      606
      578
      576
      642
      606
      672
      676
      666
      684
      658
      746
      724
      752
      772
      742
      878
      884
      812
      850
      834
      922
      924
     1000
     1050
     1062
     1026
     1100
     1110
     1238
     1276
     1202
     1312
     1382
     1442
     1476
     1554
     1556
     1624
     1730
     1644
     1756
     1850
     1892
     1884
     2010
     1962
     2036
     2080
     2026
     2036
     2136
     2048
     2064
     1940
     1910
     1918
     1832
     1764
     1894
     1702
     1712
     1674
     1692
     1628
     1618
     1590
     1514
     1464
     1466
     1312
     1278
     1260
     1200
     1190
     1138
     1058
      980
     1048
      916
      944
      940
      890
      838
      776
      814
      724
      692
      674
      666
      632
      626
      634
      594
      598
      566
      578
      556
      480
      520
      496
      508
      484
      450
      498
      448
      472
      428
      412
      434
      402
      390
      424
      420
      440
      376
      418
      374
      366
      378
      354
      368
      330
      358
      376
      368
      362
      354
      350
      334
      354
      332
      318
      332
      316
      334
      306
      332
      306
      326
      306
      276
      294
      316
      304
      316
      294
      348
      314
      320
      310
      266
      326
      308
      290
      342
      310
      306
      320
      310
      324
      298
      322
      308
      334
      324
      322
      290
      296
      260
      292
      308
      294
      310
      322
      250
      280
      276
      278
      264
      260
      276
      274
      290
      282
      254
      250
      250
      252
      250
      290
      226
      272
      232
      264
      262
      280
      276
      254
      288
      254
      222
      264
      262
      250
      242
      250
      278
      242
      228
      248
      278
      246
      282
      274
      234
      262
      276
      280
      268
      268
      264
      256
      284
      276
      282
      264
      264
      280
      286
      294
      296
      316
      356
      282
      318
      370
      308
      304
      322
      380
      316
      384
      314
      370
      366
      340
      388
      392
      390
      426
      420
      474
      466
      468
      480
      506
      510
      464
      518
      568
      594
      586
      646
      712
      674
      644
      694
      708
      798
      766
      826
      854
      852
      922
      894
      964
      902
      922
      966
      946
      994
      988
      970
      990
      910
      938
      946
      950
      884
      922
      896
      864
      844
      866
      838
      804
      792
      798
      750
      754
      754
      686
      672
      658
      612
      642
      612
      584
      550
      574
      504
      470
      490
      458
      422
      438
      408
      416
      380
      416
      388
      376
      358
      376
      370
      334
      334
      330
      310
      300
      296
      318
      290
      286
      290
      290
      298
      278
      264
      284
      276
      282
      240
      240
      260
      256
      242
      274
      260
      276
      226
      246
      254
      232
      228
      234
      206
      250
      262
      256
      242
      242
      254
      256
      244
      244
      228
      260
      268
      242
      240
      236
      248
      244
      242
      248
      260
      276
      236
      258
      254
      272
      272
      276
      270
      260
      270
      232
      258
      288
      286
      314
      278
      280
      290
      292
      330
      312
      306
      298
      306
      294
      284
      328
      326
      302
      330
      316
      362
      336
      316
      306
      334
      298
      320
      290
      314
      318
      334
      344
      308
      328
      328
      328
      308
      336
      324
      348
      324
      324
      328
      360
      344
      372
      326
      316
      322
      352
      354
      376
      308
      340
      360
      332
      344
      346
      338
      360
      350
      354
      356
      338
      330
      358
      380
      342
      350
      350
      314
      334
      348
      294
      366
      324
      302
      288
      270
      338
      320
      294
      306
      310
      290
      306
      268
      290
      284
      314
      268
      294
      250
      260
      240
      258
      264
      254
      282
      244
      280
      228
      238
      238
      260
      268
      272
      242
      234
      274
      230
      240
      226
      264
      234
      244
      262
      236
      254
      238
      248
      270
      258
      266
      286
      274
      278
      284
      264
      276
      258
      302
      272
      274
      266
      312
      286
      320
      328
      310
      336
      330
      310
      308
      314
      304
      326
      334
      322
      356
      340
      348
      366
      360
      348
      338
      396
      412
      400
      358
      362
      402
      352
      390
      386
      370
      422
      432
      416
      414
      408
      432
      416
      472
      452
      444
      442
      490
      484
      502
      498
      522
      512
      532
      564
      614
      564
      610
      602
      600
      600
      628
      592
      648
      604
      694
      632
      680
      694
      644
      618
      642
      634
      618
      592
      572
      622
      586
      586
      598
      550
      544
      580
      576
      546
      524
      506
      530
      502
      464
      514
      450
      466
      462
      466
      424
      432
      430
      380
      400
      368
      352
      352
      376
      348
      370
      290
      330
      320
      328
      334
      316
      312
      338
      312
      330
      274
      290
      290
      284
      272
      258
      264
      264
      284
      272
      282
      244
      252
      274
      272
      236
      244
      230
      258
      258
      264
      234
      276
      266
      260
      278
      256
      240
      276
      260
      234
      276
      278
      262
      274
      258
      266
      274
      262
      274
      286
      266
      284
      308
      294
      288
      310
      280
      332
      308
      308
      336
      330
      304
      350
      384
      364
      330
      384
      370
      404
      402
      390
      374
      404
      358
      408
      410
      400
      428
      448
      454
      442
      430
      464
      490
      424
      414
      452
      424
      406
      428
      450
      462
      412
      422
      480
      456
      434
      432
      460
      476
      414
      440
      428
      456
      454
      414
      442
      416
      396
      402
      410
      374
      406
      396
      434
      424
      380
      430
      418
      464
      394
      428
      428
      420
      404
      440
      406
      408
      402
      412
      398
      386
      398
      370
      370
      342
      378
      350
      358
      346
      366
      354
      352
      330
      328
      354
      370
      330
      348
      336
      314
      340
      340
      330
      304
      328
      310
      302
      316
      320
      306
      324
      318
      324
      338
      354
      372
      356
      376
      362
      364
      378
      374
      400
      384
      402
      366
      416
      414
      426
      422
      342
      424
      376
      386
      388
      422
      442
      386
      406
      398
      400
      384
      398
      440
      410
      414
      402
      372
      400
      364
      380
      386
      400
      394
      394
      382
      388
      386
      396
      356
      350
      372
      392
      350
      326
      370
      350
      396
      340
      376
      382
      356
      330
      342
      352
      342
      404
      396
      372
      352
      392
      352
      388
      380
      408
      414
      412
      428
      412
      434
      456
      444
      436
      444
      446
      452
      454
      470
      468
      484
      520
      488
      502
      500
      512
      436
      478
      516
      494
      480
      462
      494
      494
      470
      462
      462
      454
      460
      444
      422
      444
      394
      410
      434
      412
      396
      416
      362
      390
      358
      362
      336
      332
      312
      322
      324
      350
      306
      316
      312
      318
      298
      334
      244
      290
      278
      272
      250
      264
      258
      254
      260
      276
      252
      236
      284
      214
      212
      222
      222
      232
      236
      236
      204
      220
      252
      218
      240
      252
      198
      216
      226
      240
      210
      242
      216
      212
      210
      234
      216
      194
      208
      192
      216
      222
      186
      202
      200
      200
      214
      202
      192
      204
      210
      178
      176
      204
      172
      202
      214
      200
      178
      180
      172
      190
      206
      164
      186
      178
      190
      210
      184
      174
      194
      202
      172
      202
      182
      214
      184
      206
      184
      172
      224
      192
      182
      172
      178
      184
      194
      224
      198
      202
      192
      220
      214
      236
      200
      202
      246
      228
      256
      228
      216
      240
      208
      238
      226
      242
      254
      228
      270
      272
      240
      284
      264
      264
      318
      294
      298
      274
      306
      282
      284
      340
      258
      320
      308
      288
      306
      326
      286
      304
      288
      304
      302
      304
      306
      328
      258
      284
      294
      294
      288
      302
      310
      274
      260
      292
      336
      302
      272
      296
      284
      276
      238
      258
      268
      282
      268
      268
      292
      256
      254
      250
      282
      274
      278
      260
      296
      274
      258
      274
      272
      276
      256
      264
      224
      272
      238
      256
      284
      242
      274
      264
      296
      290
      270
      280
      274
      294
      286
      284
      282
      312
      302
      320
      308
      300
      280
      328
      336
      324
      318
      348
      356
      380
      366
      356
      380
      372
      340
      396
      382
      394
      394
      424
      420
      420
      424
      382
      416
      510
      492
      480
      464
      540
      476
      494
      470
      458
      542
      538
      570
      534
      612
      604
      550
      666
      586
      626
      632
      668
      654
      670
      700
      632
      660
      724
      730
      686
      688
      726
      692
      702
      648
      672
      688
      670
      632
      660
      680
      628
      638
      716
      652
      670
      652
      596
      666
      606
      612
      622
      600
      564
      632
      524
      560
      562
      532
      520
      516
      462
      454
      432
      440
      422
      436
      410
      440
      396
      368
      416
      368
      372
      378
      336
      352
      398
      334
      366
      328
      302
      336
      324
      312
      278
      276
      288
      284
      286
      300
      232
      242
      274
      254
      246
      246
      256
      248
      216
      270
      224
      210
      222
      240
      214
      214
      238
      210
      232
      230
      234
      224
      188
      208
      230
      218
      194
      206
      226
      208
      226
      240
      200
      230
      190
      208
      200
      214
      226
      186
      212
      206
      164
      220
      206
      182
      214
      200
      210
      212
      210
      200
      202
      196
      208
      208
      210
      194
      208
      180
      242
      200
      206
      212
      188
      200
      194
      182
      178
      198
      198
      214
      214
      198
      178
      200
      200
      200
      214
      158
      202
      192
      174
      192
      200
      200
      186
      204
      186
      186
      198
      174
      156
      196
      170
      186
      152
      196
      204
      188
      192
      152
      184
      168
      188
      158
      158
      156
      194
      174
      160
      186
      174
      160
      178
      148
      186
      132
      174
      162
      160
      180
      150
      204
      154
      158
      160
      158
      158
      166
      170
      164
      162
      142
      160
      166
      182
      142
      170
      162
      166
      152
      178
      164
      168
      182
      168
      140
      166
      182
      166
      156
      174
      166
      178
      188
      166
      186
      176
      170
      190
      190
      178
      190
      176
      174
      172
      162
      198
      198
      176
      176
      202
      192
      192
      180
      188
      184
      198
      184
      210
      180
      210
      178
      188
      212
      184
      212
      204
      210
      226
      208
      208
      216
      214
      190
      228
      212
      224
      246
      208
      236
      230
      238
      232
      252
      226
      218
      244
      244
      268
      244
      254
      244
      246
      280
      292
      252
      260
      272
      272
      274
      262
      290
      264
      286
      286
      300
      272
      298
      288
      288
      292
      280
      272
      288
      304
      250
      306
      302
      292
      306
      312
      294
      278
      288
      270
      288
      288
      286
      310
      292
      296
      278
      254
      284
      264
      266
      294
      284
      282
      276
      270
      218
      240
      264
      272
      250
      242
      246
      250
      244
      254
      284
      252
      240
      250
      244
      270
      232
      270
      256
      244
      258
      246
      240
      250
      224
      282
      260
      278
      258
      248
      254
      260
      240
      286
      280
      304
      304
      302
      302
      254
      308
      322
      290
      336
      322
      324
      350
      330
      302
      340
      354
      310
      334
      356
      356
      350
      336
      344
      360
      378
      386
      364
      358
      346
      364
      352
      370
      346
      350
      374
      390
      362
      338
      388
      370
      320
      370
      360
      372
      340
      336
      320
      328
      356
      370
      356
      322
      308
      322
      350
      316
      334
      296
      328
      296
      318
      268
      320
      344
      302
      314
      298
      340
      330
      308
      322
      284
      292
      310
      330
      284
      306
      310
      306
      320
      312
      328
      328
      348
      324
      292
      342
      310
      344
      354
      350
      370
      332
      318
      334
      348
      382
      350
      368
      330
      372
      364
      376
      360
      358
      350
      350
      314
      322
      388
      340
      368
      340
      322
      322
      378
      356
      374
      362
      364
      370
      384
      362
      320
      380
      346
      410
      400
      388
      364
      344
      344
      368
      376
      336
      368
      338
      360
      378
      332
      354
      354
      346
      340
      350
      362
      328
      360
      316
      332
      332
      316
      344
      334
      324
      308
      338
      328
      298
      308
      304
      314
      290
      316
      312
      300
      302
      306
      286
      272
      314
      270
      274
      286
      322
      268
      242
      276
      250
      284
      278
      280
      272
      264
      262
      264
      244
      246
      286
      256
      246
      256
      238
      222
      260
      248
      260
      264
      288
      280
      266
      286
      254
      264
      304
      274
      252
      288
      302
      318
      302
      260
      268
      272
      316
      290
      292
      284
      338
      302
      314
      308
      306
      332
      316
      358
      334
      312
      314
      326
      346
      338
      354
      318
      374
      328
      330
      328
      342
      320
      318
      344
      338
      346
      326
      322
      326
      302
      320
      304
      302
      314
      300
      346
      330
      290
      292
      318
      298
      302
      290
      280
      280
      262
      294
      268
      260
      258
      252
      302
      256
      252
      292
      258
      282
      248
      248
      256
      270
      268
      284
      242
      254
      258
      258
      230
      240
      230
      246
      242
      236
      250
      246
      210
      234
      228
      206
      220
      234
      238
      214
      210
      218
      240
      214
      218
      228
      220
      218
      222
      200
      232
      206
      232
      184
      208
      198
      222
      212
      196
      230
      216
      210
      230
      226
      222
      182
      218
      198
      202
      184
      196
      212
      178
      224
      196
      210
      212
      200
      200
      196
      218
      190
      200
      204
      182
      242
      220
      224
      200
      206
      216
      212
      214
      196
      224
      178
      236
      204
      182
      222
      222
      216
      234
      198
      220
      232
      232
      230
      222
      242
      208
      252
      232
      230
      224
      244
      234
      210
      242
      240
      186
      176
      226
      214
      188
      204
      218
      214
      226
      212
      210
      228
      208
      220
      226
      234
      220
      220
      206
      222
      236
      220
      226
      216
      230
      214
      232
      202
      216
      208
      220
      226
      214
      224
      232
      236
      228
      218
      192
      210
      256
      218
      208
      210
      214
      186
      206
      198
      198
      204
      234
      224
      200
      210
      204
      174
      216
      198
      214
      204
      228
      184
      202
      192
      172
      204
      204
      210
      188
      186
      204
      196
      200
      190
      182
      180
      202
      214
      194
      160
      186
      206
      208
      192
      188
      200
      206
      202
      184
      188
      184
      180
      170
      166
      188
      192
      190
      196
      208
      186
      208
      200
      180
      194
      186
      168
      198
      182
      204
      220
      162
      202
      206
      200
      214
      192
      224
      216
      204
      202
      198
      198
      192
      214
      194
      224
      212
      218
      202
      210
      222
      232
      186
      194
      188
      216
      218
      206
      234
      230
      244
      220
      224
      196
      240
      228
      220
      198
      228
      216
      246
      236
      214
      260
      232
      240
      250
      244
      230
      220
      236
      266
      266
      232
      242
      236
      306
      252
      286
      262
      270
      272
      266
      284
      286
      318
      292
      300
      284
      310
      292
      282
      296
      280
      314
      322
      336
      330
      298
      284
      346
      356
      326
      294
      316
      302
      334
      318
      334
      354
      326
      354
      312
      316
      362
      384
      344
      360
      346
      360
      364
      334
      402
      378
      356
      420
      382
      380
      400
      378
      454
      418
      400
      352
      404
      430
      436
      416
      462
      436
      508
      456
      460
      504
      500
      458
      500
      498
      490
      544
      504
      566
      592
      550
      566
      598
      556
      570
      658
      630
      640
      654
      694
      688
      708
      738
      766
      734
      772
      764
      830
      806
      860
      846
      912
      930
      884
      936
      930
      910
      912
      898
      938
      954
      930
      888
     1032
      864
      966
      880
      898
      830
      906
      848
      834
      862
      860
      844
      752
      848
      820
      818
      778
      808
      784
      766
      770
      690
      748
      688
      728
      678
      664
      666
      636
      612
      604
      632
      592
      566
      578
      524
      508
      532
      544
      536
      488
      480
      456
      460
      448
      490
      454
      410
      416
      378
      422
      398
      392
      374
      392
      362
      382
      374
      346
      366
      356
      364
      348
      314
      312
      338
      350
      326
      318
      330
      314
      304
      286
      286
      320
      308
      284
      282
      308
      298
      304
      330
      308
      288
      278
      278
      294
      252
      256
      282
      278
      286
      272
      258
      268
      266
      270
      314
      278
      250
      286
      294
      266
      294
      308
      302
      306
      286
      290
      262
      284
      310
      276
      296
      344
      270
      308
      288
      278
      290
      292
      330
      286
      284
      314
      268
      276
      286
      300
      296
      310
      302
      310
      328
      302
      298
      274
      278
      316
      286
      284
      282
      304
      290
      268
      278
      254
      296
      250
      270
      286
      310
      312
      316
      294
      284
      272
      268
      298
      296
      270
      264
      298
      338
      294
      318
      286
      300
      286
      286
      276
      280
      286
      298
      280
      258
      266
      280
      286
      250
      276
      280
      310
      268
      306
      272
      294
      274
      288
      254
      298
      288
      300
      246
      286
      254
      250
      260
      254
      290
      294
      284
      292
      264
      256
      280
      256
      260
      246
      252
      252
      266
      240
      256
      262
      288
      238
      272
      270
      244
      264
      248
      248
      242
      254
      268
      284
      304
      272
      258
      230
      262
      232
      260
      240
      260
      254
      252
      234
      256
      226
      232
      234
      222
      230
      252
      254
      248
      226
      240
      232
      240
      240
      242
      218
      224
      254
      218
      212
      214
      242
      234
      262
      242
      234
      254
      234
      234
      236
      272
      222
      208
      214
      210
      208
      246
      218
      252
      218
      238
      210
      238
      222
      234
      202
      210
      232
      190
      242
      226
      222
      216
      216
      212
      222
      246
      252
      212
      234
      218
      218
      222
      230
      230
      224
      232
      214
      232
      236
      230
      212
      236
      248
      198
      214
      212
      250
      250
      250
      234
      226
      234
      260
      236
      242
      232
      234
      232
      230
      236
      248
      226
      228
      254
      228
      234
      224
      232
      252
      242
      268
      204
      224
      242
      236
      256
      270
      240
      252
      236
      266
      268
      270
      250
      244
      274
      254
      248
      270
      274
      286
      302
      246
      250
      288
      332
      276
      278
      262
      296
      258
      282
      278
      310
      302
      326
      318
      342
      334
      314
      334
      334
      338
      352
      328
      348
      378
      360
      370
      366
      376
      372
      372
      386
      362
      384
      386
      412
      358
      408
      350
      348
      370
      390
      360
      340
      322
      372
      348
      364
      364
      362
      396
      334
      356
      350
      336
      358
      344
      382
      354
      380
      334
      362
      352
      344
      350
      306
      336
      338
      300
      362
      308
      310
      322
      346
      324
      310
      320
      302
      302
      306
      330
      304
      310
      296
      296
      334
      304
      318
      302
      308
      298
      292
      298
      322
      328
      318
      318
      322
      356
      336
      340
      302
      368
      346
      338
      352
      380
      364
      366
      368
      368
      378
      394
      442
      410
      412
      422
      440
      432
      388
      420
      390
      422
      454
      470
      456
      444
      454
      398
      416
      396
      428
      364
      386
      424
      410
      388
      424
      398
      402
      424
      400
      396
      408
      356
      414
      374
      358
      424
      374
      370
      364
      380
      372
      410
      372
      344
      352
      376
      364
      348
      350
      322
      334
      352
      336
      326
      324
      330
      276
      338
      336
      334
      340
      302
      298
      324
      314
      294
      328
      286
      320
      290
      328
      340
      328
      312
      314
      308
      304
      328
      306
      280
      276
      296
      270
      272
      290
      282
      284
      274
      282
      252
      254
      264
      256
      224
      260
      260
      246
      270
      256
      268
      248
      256
      262
      252
      256
      244
      226
      248
      264
      258
      212
      266
      222
      238
      216
      242
      204
      212
      226
      230
      216
      212
      222
      214
      222
      228
      184
      222
      212
      208
      184
      234
      214
      208
      210
      214
      232
      226
      210
      228
      214
      198
      212
      244
      220
      222
      192
      204
      190
      236
      190
      234
      194
      218
      222
      194
      228
      222
      206
      234
      214
      220
      194
      202
      222
      180
      226
      224
      212
      214
      226
      214
      202
      204
      234
      192
      210
      234
      218
      190
      220
      226
      256
      230
      210
      230
      238
      220
      226
      228
      234
      224
      244
      232
      240
      234
      202
      246
      238
      258
      242
      232
      248
      270
      260
      270
      254
      270
      264
      300
      298
      250
      246
      280
      256
      292
      236
      258
      272
      246
      252
      260
      230
      264
      294
      258
      258
      278
      276
      256
      238
