



 10.000 0.0100 90.000 
      328
      364
      348
      366
      382
      378
      368
      352
      324
      356
      346
      332
      366
      326
      356
      350
      350
      350
      360
      310
      362
      338
      338
      332
      336
      348
      340
      350
      302
      326
      362
      322
      298
      314
      310
      302
      328
      316
      308
      306
      288
      308
      318
      324
      322
      334
      292
      310
      300
      328
      324
      300
      348
      314
      300
      324
      294
      316
      338
      340
      316
      314
      334
      300
      308
      320
      304
      322
      318
      318
      352
      288
      306
      314
      308
      290
      298
      316
      314
      302
      318
      306
      296
      284
      276
      300
      294
      328
      322
      300
      284
      298
      294
      304
      296
      290
      304
      320
      292
      272
      292
      308
      322
      282
      306
      290
      294
      288
      298
      260
      304
      330
      292
      310
      282
      288
      284
      248
      312
      282
      282
      274
      268
      308
      292
      294
      276
      276
      272
      286
      272
      272
      276
      302
      236
      282
      298
      282
      260
      296
      298
      268
      296
      264
      258
      274
      282
      302
      274
      300
      284
      292
      330
      248
      282
      288
      284
      294
      298
      284
      272
      286
      284
      290
      300
      288
      282
      300
      286
      292
      300
      306
      278
      314
      268
      280
      290
      296
      284
      290
      286
      300
      292
      296
      336
      290
      298
      296
      316
      314
      288
      296
      334
      334
      304
      310
      290
      308
      294
      342
      292
      326
      320
      348
      346
      362
      370
      394
      346
      382
      376
      384
      394
      406
      416
      390
      422
      466
      450
      492
      392
      480
      440
      422
      418
      392
      394
      386
      376
      408
      354
      336
      342
      338
      302
      314
      276
      288
      298
      310
      296
      284
      264
      268
      260
      252
      248
      284
      240
      268
      282
      280
      254
      244
      262
      262
      260
      268
      254
      274
      260
      238
      226
      256
      242
      232
      258
      234
      206
      246
      246
      278
      278
      252
      258
      226
      258
      258
      256
      278
      230
      280
      246
      234
      248
      248
      246
      248
      274
      226
      218
      238
      240
      220
      256
      268
      228
      196
      230
      262
      240
      206
      218
      222
      262
      216
      256
      234
      254
      248
      260
      242
      232
      228
      226
      254
      206
      220
      208
      210
      220
      232
      220
      226
      234
      218
      242
      250
      222
      246
      256
      226
      252
      212
      220
      212
      244
      202
      222
      252
      230
      238
      238
      254
      252
      222
      192
      232
      246
      208
      250
      254
      238
      208
      224
      198
      226
      226
      214
      240
      222
      208
      222
      248
      222
      260
      182
      198
      224
      236
      226
      198
      238
      214
      206
      216
      234
      204
      194
      214
      228
      208
      218
      236
      214
      234
      234
      226
      226
      222
      212
      258
      196
      222
      238
      194
      246
      212
      216
      206
      230
      234
      210
      196
      216
      204
      202
      230
      224
      204
      238
      236
      202
      216
      212
      232
      202
      212
      188
      202
      218
      228
      226
      222
      244
      242
      234
      224
      206
      188
      216
      206
      202
      236
      234
      166
      232
      196
      222
      246
      228
      200
      220
      232
      226
      220
      210
      208
      230
      224
      206
      222
      266
      220
      242
      248
      240
      230
      214
      244
      214
      206
      216
      246
      238
      226
      218
      200
      202
      236
      236
      220
      230
      258
      242
      230
      252
      218
      242
      264
      230
      262
      288
      276
      248
      274
      278
      262
      312
      252
      288
      292
      322
      320
      312
      328
      346
      358
      384
      352
      374
      404
      416
      428
      390
      428
      438
      486
      458
      504
      466
      504
      532
      548
      550
      558
      584
      620
      594
      694
      640
      596
      592
      610
      606
      564
      498
      480
      456
      422
      398
      388
      386
      316
      342
      322
      294
      324
      304
      300
      294
      306
      292
      284
      284
      290
      298
      272
      264
      266
      246
      270
      234
      262
      268
      288
      248
      248
      276
      226
      246
      242
      232
      254
      240
      252
      234
      252
      206
      246
      236
      232
      238
      224
      208
      216
      222
      208
      184
      222
      220
      220
      222
      220
      210
      194
      212
      240
      210
      188
      198
      208
      212
      222
      192
      208
      216
      206
      206
      214
      186
      200
      214
      200
      240
      230
      218
      222
      208
      224
      200
      230
      196
      210
      244
      236
      224
      224
      256
      222
      256
      240
      234
      252
      238
      254
      236
      244
      244
      258
      218
      220
      242
      272
      278
      226
      244
      210
      226
      204
      230
      184
      214
      234
      184
      204
      214
      210
      206
      220
      186
      226
      238
      206
      226
      240
      226
      206
      218
      246
      240
      228
      212
      230
      256
      254
      214
      234
      252
      222
      254
      248
      274
      262
      294
      276
      296
      286
      276
      296
      332
      308
      360
      380
      380
      360
      366
      400
      390
      470
      502
      472
      512
      562
      602
      608
      672
      628
      694
      796
      764
      844
      914
      912
      890
      870
      872
      892
      840
      750
      758
      738
      672
      582
      564
      532
      568
      526
      574
      494
      522
      526
      494
      472
      516
      482
      468
      482
      450
      442
      422
      440
      434
      416
      378
      428
      396
      338
      356
      358
      374
      338
      320
      312
      316
      330
      320
      284
      286
      306
      294
      296
      264
      302
      278
      286
      294
      290
      274
      286
      280
      262
      276
      280
      254
      262
      270
      288
      288
      296
      282
      290
      330
      312
      316
      356
      298
      324
      372
      352
      346
      328
      342
      330
      366
      382
      372
      338
      352
      342
      298
      300
      288
      286
      222
      286
      210
      218
      238
      220
      210
      220
      198
      188
      204
      208
      202
      196
      212
      184
      180
      190
      174
      174
      188
      198
      190
      174
      180
      222
      160
      174
      186
      168
      166
      184
      180
      180
      182
      182
      196
      168
      190
      162
      178
      172
      174
      174
      170
      176
      190
      180
      174
      160
      170
      198
      184
      170
      198
      180
      174
      194
      188
      200
      154
      188
      162
      196
      162
      196
      204
      168
      196
      206
      172
      200
      204
      216
      216
      162
      166
      186
      190
      186
      176
      178
      194
      200
      192
      184
      176
      186
      198
      196
      222
      200
      180
      206
      186
      190
      210
      200
      214
      204
      212
      220
      220
      198
      232
      204
      226
      230
      250
      240
      266
      258
      258
      260
      278
      260
      326
      296
      298
      324
      324
      350
      332
      338
      364
      412
      404
      470
      410
      454
      490
      522
      524
      552
      594
      598
      722
      738
      776
      776
      826
      872
      992
     1052
     1110
     1164
     1328
     1380
     1444
     1590
     1644
     1700
     1970
     2042
     2282
     2392
     2454
     2690
     2722
     2896
     2788
     2906
     2832
     2792
     2660
     2508
     2204
     2040
     1826
     1720
     1478
     1332
     1260
     1158
     1054
     1054
      908
      836
      880
      812
      848
      876
      868
      868
      940
      912
      988
     1014
     1060
     1152
     1092
     1258
     1240
     1350
     1458
     1518
     1616
     1756
     1792
     1934
     1972
     2134
     2088
     2204
     2250
     2222
     2224
     2138
     2066
     1992
     1800
     1664
     1552
     1396
     1250
     1044
      974
      892
      794
      728
      628
      562
      582
      512
      486
      482
      422
      428
      442
      404
      370
      402
      428
      406
      404
      352
      378
      358
      340
      366
      320
      322
      344
      286
      302
      316
      276
      284
      266
      300
      270
      242
      266
      260
      236
      216
      208
      202
      222
      210
      224
      242
      218
      214
      196
      222
      210
      216
      212
      202
      214
      184
      218
      200
      236
      254
      198
      200
      230
      226
      218
      206
      222
      246
      216
      238
      242
      232
      248
      288
      264
      238
      260
      272
      308
      250
      304
      298
      302
      316
      310
      342
      338
      364
      372
      422
      394
      416
      450
      460
      510
      552
      558
      596
      630
      630
      640
      696
      734
      782
      824
      902
      868
      894
      960
      938
     1032
      986
      974
      972
      998
      928
      870
      892
      872
      830
      780
      756
      738
      686
      608
      610
      542
      506
      474
      448
      360
      358
      348
      328
      288
      298
      278
      262
      270
      256
      252
      262
      250
      198
      244
      222
      238
      220
      212
      208
      216
      214
      212
      242
      198
      190
      180
      216
      194
      196
      184
      166
      168
      178
      184
      148
      194
      172
      160
      184
      166
      196
      184
      180
      200
      178
      172
      186
      152
      202
      182
      216
      162
      166
      174
      184
      200
      176
      178
      176
      148
      166
      186
      200
      200
      182
      166
      180
      202
      182
      214
      168
      190
      194
      176
      204
      184
      196
      196
      178
      184
      230
      198
      206
      206
      198
      218
      222
      194
      242
      220
      220
      238
      234
      234
      226
      252
      260
      262
      282
      248
      274
      306
      316
      350
      364
      358
      362
      346
      408
      362
      450
      442
      478
      490
      508
      554
      546
      592
      628
      758
      698
      740
      870
      948
      962
     1086
     1122
     1134
     1308
     1376
     1562
     1700
     1828
     1994
     2192
     2326
     2498
     2656
     2880
     3158
     3322
     3526
     3634
     3812
     3844
     4024
     3948
     3716
     3724
     3596
     3250
     3098
     2692
     2464
     2194
     2024
     1762
     1558
     1338
     1244
     1096
      994
      950
      908
      810
      720
      718
      642
      588
      610
      542
      538
      490
      530
      450
      474
      488
      412
      382
      380
      374
      394
      322
      340
      338
      336
      342
      348
      302
      310
      302
      286
      274
      256
      292
      264
      238
      272
      252
      274
      248
      226
      228
      248
      238
      226
      246
      222
      210
      228
      232
      218
      224
      202
      190
      198
      224
      196
      226
      196
      194
      214
      176
      212
      210
      234
      186
      206
      196
      208
      200
      220
      224
      196
      216
      218
      224
      198
      184
      186
      222
      218
      216
      198
      196
      188
      218
      226
      212
      226
      212
      184
      250
      198
      206
      216
      228
      212
      210
      236
      232
      202
      236
      228
      256
      228
      228
      234
      238
      252
      212
      228
      222
      266
      218
      250
      254
      256
      262
      250
      274
      290
      270
      300
      340
      298
      308
      308
      342
      378
      386
      392
      374
      416
      488
      494
      508
      506
      560
      584
      592
      600
      656
      658
      740
      824
      854
      762
      792
      836
      790
      796
      866
      894
      810
      774
      784
      758
      770
      720
      660
      710
      694
      662
      590
      604
      554
      528
      488
      544
      486
      504
      472
      450
      458
      412
      438
      414
      424
      396
      408
      382
      400
      326
      342
      358
      332
      322
      326
      330
      334
      324
      324
      318
      298
      296
      314
      264
      326
      302
      298
      280
      338
      300
      288
      306
      286
      300
      330
      328
      316
      338
      342
      378
      340
      392
      394
      402
      422
      386
      384
      426
      422
      416
      440
      526
      498
      534
      484
      564
      578
      572
      608
      622
      664
      648
      632
      644
      662
      638
      682
      664
      740
      662
      740
      728
      790
      828
      870
      906
      922
     1014
     1022
     1054
     1104
     1084
     1120
     1140
     1156
     1110
     1092
     1072
     1006
      932
      892
      862
      890
      762
      702
      628
      586
      566
      540
      432
      400
      402
      368
      372
      350
      360
      334
      316
      328
      328
      294
      322
      300
      296
      284
      256
      280
      242
      250
      240
      250
      256
      244
      246
      224
      250
      256
      238
      210
      214
      206
      232
      206
      192
      234
      232
      222
      226
      228
      212
      198
      250
      262
      232
      226
      234
      274
      250
      246
      234
      280
      262
      244
      282
      286
      306
      262
      300
      298
      308
      334
      340
      330
      328
      380
      374
      418
      338
      338
      366
      406
      362
      394
      370
      382
      396
      424
      384
      404
      392
      384
      376
      418
      396
      420
      428
      422
      448
      428
      448
      462
      410
      434
      438
      406
      396
      434
      402
      392
      368
      358
      358
      306
      352
      310
      298
      306
      322
      288
      274
      296
      270
      268
      250
      214
      228
      224
      238
      216
      226
      234
      250
      212
      232
      252
      232
      258
      216
      262
      216
      230
      234
      248
      258
      254
      246
      246
      310
      258
      294
      262
      260
      280
      278
      266
      338
      312
      318
      264
      324
      312
      316
      364
      306
      384
      396
      384
      406
      414
      424
      460
      490
      472
      494
      554
      502
      560
      592
      580
      566
      640
      654
      612
      616
      678
      650
      612
      678
      586
      650
      616
      574
      588
      520
      562
      520
      490
      456
      492
      438
      432
      410
      394
      392
      374
      360
      380
      350
      348
      274
      280
      284
      288
      272
      258
      246
      248
      254
      242
      240
      264
      238
      234
      244
      234
      246
      208
      226
      240
      224
      214
      238
      202
      208
      200
      186
      208
      218
      186
      190
      168
      190
      206
      194
      196
      192
      200
      198
      174
      186
      194
      214
      194
      164
      204
      208
      162
      202
      184
      186
      206
      208
      188
      178
      208
      202
      216
      212
      188
      172
      192
      214
      208
      206
      174
      200
      188
      222
      184
      174
      190
      168
      164
      188
      194
      190
      204
      210
      194
      198
      196
      226
      190
      194
      216
      214
      218
      236
      202
      196
      226
      206
      234
      228
      262
      212
      258
      228
      252
      244
      252
      236
      222
      238
      238
      210
      216
      214
      220
      228
      206
      220
      222
      200
      200
      194
      200
      216
      212
      178
      192
      188
      218
      188
      204
      232
      198
      210
      214
      194
      186
      182
      186
      186
      220
      226
      196
      192
      212
      218
      234
      224
      196
      202
      192
      208
      230
      234
      218
      238
      228
      236
      266
      260
      226
      264
      264
      244
      252
      254
      272
      232
      272
      278
      284
      296
      312
      298
      296
      298
      292
      346
      332
      344
      384
      330
      324
      344
      352
      376
      384
      396
      408
      426
      436
      436
      456
      452
      482
      518
      470
      528
      476
      490
      530
      506
      526
      542
      516
      498
      464
      486
      428
      440
      458
      410
      426
      380
      408
      382
      396
      368
      382
      390
      388
      386
      404
      420
      428
      410
      414
      442
      458
      478
      518
      518
      544
      574
      604
      644
      614
      644
      670
      716
      760
      800
      872
      906
      928
      978
     1064
     1072
     1094
     1112
     1126
     1106
     1176
     1170
     1178
     1142
     1204
     1112
     1182
     1142
     1176
     1168
     1152
     1096
     1090
     1132
     1048
     1062
     1074
     1048
     1042
     1040
     1034
     1032
     1032
     1016
     1084
     1082
     1032
     1096
     1110
     1130
     1192
     1214
     1240
     1314
     1346
     1402
     1432
     1472
     1506
     1626
     1694
     1756
     1854
     1924
     2000
     2040
     2148
     2154
     2244
     2166
     2098
     2060
     2102
     2080
     1980
     1926
     1744
     1636
     1528
     1444
     1368
     1258
     1146
     1122
      998
      874
      866
      800
      706
      682
      666
      648
      658
      568
      572
      544
      514
      480
      484
      468
      454
      412
      424
      424
      384
      414
      388
      376
      366
      342
      362
      320
      318
      316
      302
      298
      312
      292
      322
      274
      258
      290
      306
      292
      260
      286
      300
      280
      272
      278
      278
      286
      250
      282
      256
      262
      270
      258
      308
      298
      278
      286
      288
      294
      284
      282
      278
      330
      326
      308
      300
      294
      354
      312
      350
      358
      376
      368
      350
      340
      388
      432
      452
      416
      446
      458
      460
      446
      530
      514
      550
      564
      576
      646
      654
      660
      710
      726
      746
      810
      854
      886
      898
      990
     1046
     1088
     1190
     1282
     1386
     1482
     1558
     1598
     1752
     1840
     1994
     2058
     2058
     2046
     2114
     2254
     2194
     2164
     2082
     2074
     1966
     1886
     1738
     1754
     1660
     1640
     1510
     1462
     1344
     1318
     1210
     1230
     1198
     1162
     1122
     1030
     1098
     1190
     1144
     1192
     1212
     1294
     1356
     1448
     1456
     1514
     1602
     1714
     1816
     1854
     2028
     2156
     2338
     2538
     2704
     2958
     3160
     3398
     3626
     3880
     4268
     4600
     4824
     5196
     5426
     5780
     6046
     6390
     6460
     6706
     6668
     6746
     6608
     6528
     6518
     6128
     6162
     5774
     5396
     5214
     5010
     4614
     4284
     3986
     3634
     3324
     3148
     2840
     2488
     2334
     2200
     2004
     1862
     1660
     1596
     1538
     1384
     1294
     1252
     1206
     1172
     1112
     1112
     1092
     1066
     1046
      972
     1060
     1028
     1052
     1038
     1036
     1094
     1146
     1120
     1232
     1244
     1242
     1268
     1318
     1308
     1438
     1476
     1406
     1442
     1482
     1390
     1374
     1304
     1310
     1234
     1180
     1122
     1078
     1004
      950
      874
      848
      788
      746
      648
      620
      570
      554
      506
      480
      486
      430
      404
      404
      370
      378
      430
      394
      322
      320
      328
      318
      318
      272
      286
      290
      286
      272
      288
      306
      276
      252
      238
      256
      262
      240
      256
      244
      248
      244
      250
      218
      220
      220
      232
      228
      204
      210
      200
      210
      212
      210
      214
      208
      208
      212
      214
      224
      228
      228
      184
      200
      220
      234
      200
      216
      176
      224
      204
      186
      204
      210
      186
      208
      212
      212
      202
      214
      222
      208
      204
      202
      212
      204
      212
      208
      210
      214
      240
      210
      230
      226
      248
      198
      222
      172
      204
      218
      190
      210
      226
      212
      250
      200
      228
      192
      236
      218
      236
      230
      248
      240
      228
      280
      242
      262
      250
      282
      298
      286
      312
      290
      314
      320
      308
      346
      320
      296
      336
      312
      320
      326
      318
      320
      300
      304
      300
      324
      282
      292
      288
      276
      244
      282
      274
      288
      274
      274
      278
      276
      256
      254
      272
      262
      282
      282
      246
      280
      284
      258
      272
      296
      252
      300
      316
      278
      330
      326
      346
      318
      338
      346
      402
      358
      388
      410
      382
      432
      456
      484
      522
      496
      522
      528
      510
      604
      606
      684
      620
      692
      616
      670
      630
      596
      574
      578
      536
      542
      474
      488
      434
      434
      392
      384
      392
      348
      316
      342
      310
      278
      244
      272
      278
      272
      276
      268
      264
      270
      254
      226
      254
      272
      234
      234
      258
      256
      288
      258
      250
      250
      288
      254
      228
      270
      256
      254
      290
      310
      236
      294
      278
      268
      286
      270
      264
      288
      280
      276
      292
      286
      296
      324
      304
      322
      328
      324
      302
      338
      318
      300
      322
      338
      312
      356
      330
      314
      348
      336
      368
      372
      370
      406
      420
      400
      400
      470
      414
      424
      436
      460
      466
      514
      502
      554
      536
      610
      572
      640
      642
      696
      694
      736
      690
      738
      764
      684
      712
      708
      712
      650
      660
      624
      606
      584
      576
      574
      548
      510
      478
      452
      434
      410
      418
      398
      418
      390
      352
      372
      362
      370
      366
      362
      370
      384
      352
      400
      346
      336
      380
      352
      382
      342
      376
      406
      424
      414
      410
      416
      492
      460
      436
      518
      488
      522
      536
      518
      578
      614
      646
      702
      792
      702
      842
      894
      950
      972
     1070
     1120
     1196
     1268
     1246
     1444
     1438
     1510
     1600
     1656
     1618
     1722
     1770
     1726
     1682
     1716
     1698
     1648
     1624
     1478
     1438
     1462
     1378
     1404
     1246
     1198
     1118
     1094
     1030
      972
      884
      890
      814
      782
      836
      748
      762
      698
      686
      710
      720
      608
      702
      636
      678
      684
      672
      586
      628
      584
      574
      592
      606
      600
      578
      594
      610
      556
      550
      500
      510
      522
      486
      520
      494
      494
      506
      506
      512
      520
      528
      572
      568
      504
      542
      582
      604
      546
      574
      590
      620
      644
      664
      654
      700
      684
      636
      666
      716
      716
      770
      788
      770
      738
      830
      870
      954
      904
      806
      878
      872
      934
      906
      904
      900
      916
      938
      958
     1030
     1078
     1034
     1120
     1174
     1178
     1228
     1288
     1374
     1456
     1542
     1612
     1626
     1684
     1800
     1824
     1742
     1848
     1826
     1866
     1846
     1826
     1812
     1756
     1686
     1558
     1562
     1658
     1590
     1548
     1430
     1454
     1438
     1362
     1300
     1270
     1296
     1310
     1210
     1316
     1344
     1434
     1380
     1418
     1480
     1526
     1652
     1698
     1704
     1874
     2038
     2026
     2208
     2310
     2518
     2474
     2810
     2874
     2954
     3136
     3272
     3458
     3462
     3616
     3696
     3704
     3700
     3800
     3816
     3708
     3856
     3888
     3808
     3884
     3812
     3870
     3752
     3796
     3830
     3946
     3852
     3774
     3784
     3750
     3770
     3718
     3714
     3706
     3612
     3564
     3444
     3342
     3244
     3148
     2916
     2888
     2726
     2702
     2466
     2396
     2222
     2134
     1996
     1880
     1764
     1694
     1566
     1568
     1364
     1288
     1194
     1112
     1152
     1036
      958
      978
      958
      926
      882
      882
      840
      814
      864
      778
      820
      766
      774
      780
      768
      788
      736
      776
      714
      726
      734
      760
      738
      740
      762
      706
      748
      706
      754
      766
      790
      780
      718
      762
      754
      826
      874
      786
      834
      848
      860
      870
      880
      966
      836
      916
      910
      920
      956
      960
      984
      930
     1028
     1048
     1052
     1114
     1196
     1242
     1316
     1318
     1380
     1446
     1568
     1610
     1650
     1746
     1848
     1890
     1952
     2000
     2010
     1976
     1972
     1930
     2014
     1846
     1866
     1690
     1710
     1620
     1622
     1500
     1474
     1388
     1302
     1162
     1168
     1086
      990
      948
      876
      858
      742
      810
      734
      694
      692
      640
      680
      618
      598
      556
      534
      612
      548
      526
      522
      554
      574
      550
      534
      518
      538
      490
      522
      522
      510
      538
      582
      532
      490
      538
      534
      552
      580
      598
      596
      578
      534
      610
      592
      588
      570
      618
      612
      634
      644
      630
      710
      672
      724
      746
      748
      816
      794
      814
      862
      906
      892
      962
     1026
     1050
     1096
     1114
     1160
     1194
     1196
     1252
     1268
     1332
     1278
     1348
     1310
     1304
     1378
     1306
     1238
     1202
     1232
     1136
     1162
     1082
     1040
     1036
      918
      940
      850
      896
      794
      792
      690
      706
      670
      652
      672
      594
      550
      568
      578
      536
      530
      536
      510
      496
      504
      500
      522
      484
      492
      502
      478
      498
      516
      502
      498
      534
      492
      532
      562
      572
      612
      598
      616
      658
      624
      648
      650
      670
      694
      700
      708
      700
      826
      794
      856
      834
      836
      798
      882
      910
      908
      902
      912
      898
      972
      958
      932
      980
      998
      934
      950
      998
      950
      896
      936
      932
      976
      898
     1002
      944
      928
      940
      930
      966
      888
      954
      924
      884
      916
      934
      968
     1026
      892
      866
      880
      904
      880
      900
      890
      866
      910
      872
      862
     1020
      954
     1018
      982
      994
     1066
     1134
     1184
     1244
     1308
     1304
     1418
     1416
     1418
     1484
     1500
     1586
     1516
     1588
     1530
     1560
     1520
     1528
     1564
     1502
     1406
     1352
     1332
     1294
     1318
     1206
     1174
     1140
     1020
      914
      942
      870
      866
      750
      746
      740
      672
      610
      598
      614
      564
      528
      548
      516
      504
      498
      468
      480
      514
      432
      466
      430
      426
      416
      442
      428
      392
      408
      390
      368
      386
      420
      370
      346
      374
      400
      334
      382
      310
      340
      314
      326
      316
      336
      340
      316
      342
      318
      308
      306
      324
      312
      326
      286
      324
      334
      304
      326
      330
      336
      314
      302
      340
      348
      320
      300
      328
      320
      356
      338
      356
      350
      346
      376
      316
      370
      388
      384
      376
      394
      430
      408
      460
      450
      458
      498
      512
      496
      544
      522
      556
      596
      638
      658
      706
      690
      784
      804
      856
      898
      990
     1056
     1012
     1192
     1162
     1280
     1338
     1414
     1374
     1478
     1604
     1652
     1752
     1698
     1706
     1732
     1700
     1832
     1826
     1764
     1664
     1756
     1592
     1548
     1640
     1592
     1502
     1416
     1434
     1318
     1200
     1108
     1080
     1040
      998
      888
      932
      896
      828
      746
      726
      718
      630
      642
      654
      560
      578
      562
      530
      496
      476
      490
      482
      458
      462
      456
      488
      464
      430
      462
      470
      488
      480
      528
      518
      532
      556
      544
      550
      604
      584
      570
      632
      632
      598
      584
      572
      638
      656
      608
      574
      624
      624
      540
      582
      572
      556
      514
      502
      502
      530
      472
      486
      472
      512
      430
      444
      422
      376
      392
      416
      404
      338
      398
      412
      398
      358
      358
      370
      362
      332
      394
      380
      340
      382
      368
      364
      354
      346
      390
      328
      392
      394
      386
      380
      368
      382
      378
      384
      388
      360
      356
      352
      352
      382
      386
      388
      366
      358
      382
      348
      350
      328
      394
      352
      346
      326
      354
      384
      362
      338
      356
      366
      378
      374
      340
      364
      352
      362
      372
      380
      384
      402
      384
      402
      380
      372
      402
      422
      410
      442
      426
      464
      456
      508
      478
      462
      516
      586
      516
      562
      540
      678
      554
      654
      690
      646
      722
      706
      758
      764
      772
      824
      842
      788
      906
      916
      904
      950
      990
      942
      990
      956
     1018
     1042
     1030
     1038
     1046
     1018
     1036
     1078
     1082
     1050
     1112
     1074
     1082
     1098
     1058
     1040
     1006
     1110
     1086
     1062
     1052
     1018
     1014
      976
      974
      974
      906
      918
      920
      888
      936
      844
      826
      864
      838
      820
      830
      814
      770
      730
      724
      766
      670
      644
      670
      652
      722
      664
      650
      544
      638
      620
      638
      654
      646
      626
      606
      628
      604
      606
      628
      624
      622
      612
      636
      694
      626
      680
      670
      674
      678
      678
      726
      738
      698
      736
      700
      734
      670
      622
      678
      714
      658
      704
      664
      660
      656
      646
      660
      618
      636
      616
      682
      650
      598
      636
      622
      604
      628
      586
      668
      616
      632
      606
      676
      668
      638
      614
      700
      704
      648
      694
      686
      714
      730
      742
      784
      726
      800
      858
      854
      916
      928
      948
      988
     1028
     1112
     1114
     1188
     1176
     1254
     1354
     1382
     1552
     1556
     1646
     1714
     1826
     1834
     2026
     2140
     2306
     2422
     2576
     2786
     3108
     3294
     3504
     3644
     3978
     4222
     4530
     4750
     5114
     5272
     5662
     5910
     5942
     6082
     6266
     6404
     6562
     6680
     6528
     6444
     6386
     6164
     6022
     5796
     5614
     5632
     5376
     5112
     4944
     4664
     4426
     4210
     3956
     3774
     3514
     3352
     2988
     2816
     2624
     2368
     2290
     2128
     1920
     1902
     1710
     1660
     1600
     1458
     1350
     1136
     1268
     1150
     1070
     1046
     1016
     1004
      916
      904
      908
      820
      770
      770
      648
      678
      710
      660
      660
      618
      626
      616
      598
      586
      568
      546
      528
      554
      556
      536
      522
      494
      458
      466
      452
      456
      518
      480
      478
      448
      448
      438
      444
      412
      448
      396
      452
      418
      396
      448
      444
      448
      416
      428
      446
      416
      426
      432
      430
      428
      434
      454
      438
      458
      490
      484
      452
      500
      522
      490
      494
      552
      602
      554
      620
      594
      608
      666
      662
      680
      708
      686
      750
      698
      694
      740
      672
      690
      750
      654
      658
      684
      686
      636
      660
      686
      638
      658
      634
      634
      628
      590
      640
      630
      586
      640
      666
      638
      666
      644
      646
      724
      740
      690
      706
      714
      696
      728
      744
      744
      784
      780
      730
      750
      752
      744
      712
      732
      746
      748
      764
      730
      662
      698
      696
      650
      690
      672
      710
      644
      662
      650
      650
      634
      610
      628
      674
      654
      682
      666
      626
      634
      606
      676
      662
      642
      658
      622
      666
      624
      698
      628
      590
      610
      656
      622
      672
      614
      588
      608
      594
      622
      558
      584
      530
      574
      568
      472
      548
      512
      510
      446
      456
      476
      476
      476
      470
      426
      438
      384
      418
      378
      354
      368
      418
      366
      376
      380
      374
      366
      332
      366
      332
      320
      306
      306
      310
      318
      296
      284
      266
      290
      268
      304
      298
      276
      274
      286
      250
      274
      268
      242
      278
      278
      272
      284
      266
      282
      280
      234
      256
      232
      254
      260
      238
      236
      294
      246
      246
      230
      264
      258
      256
      220
      266
      230
      268
      252
      272
      254
      250
      280
      294
      258
      272
      250
      242
      256
      292
      300
      280
      262
      246
      278
      276
      280
      284
      280
      318
      292
      298
      262
      254
      302
      284
      290
      294
      304
      318
      274
      310
      282
      296
      342
      296
      334
      312
      334
      334
      322
      304
      328
      364
      362
      350
      370
      422
      392
      406
      422
      416
      460
      452
      468
      468
      508
      478
      566
      516
      556
      562
      602
      568
      600
      616
      646
      642
      640
      724
      710
      756
      698
      730
      740
      734
      766
      812
      782
      786
      816
      864
      838
      862
      814
      794
      772
      790
      814
      822
      816
      856
      798
      796
      778
      786
      784
      782
      798
      764
      742
      768
      774
      732
      774
      744
      782
      746
      714
      738
      730
      764
      718
      748
      708
      766
      780
      770
      790
      806
      814
      832
      832
      842
      930
      992
      980
      884
      992
      952
      968
     1014
     1068
     1052
     1054
     1082
     1088
     1086
     1026
     1060
     1024
     1020
      964
     1004
      946
      920
      956
      942
      850
      876
      894
      842
      806
      802
      834
      718
      792
      694
      700
      726
      670
      668
      658
      658
      642
      626
      620
      668
      596
      594
      584
      580
      570
      622
      584
      632
      638
      636
      598
      650
      664
      634
      634
      698
      634
      588
      698
      676
      712
      712
      658
      680
      654
      696
      684
      656
      680
      700
      652
      692
      674
      644
      630
      648
      702
      638
      632
      630
      618
      644
      620
      658
      600
      654
      632
      660
      686
      668
      660
      642
      718
      742
      764
      790
      788
      834
      820
      864
      868
      914
      932
      878
      948
      976
      916
     1042
     1004
     1026
     1040
     1062
     1008
      990
     1042
     1082
     1062
     1078
     1062
     1106
     1114
     1140
     1206
     1088
     1080
     1166
     1090
     1030
     1052
     1064
     1038
      942
      984
      944
      902
      880
      904
      856
      876
      842
      834
      770
      788
      758
      754
      758
      716
      724
      722
      696
      706
      680
      694
      686
      692
      690
      732
      692
      738
      744
      688
      810
      834
      900
      904
      924
     1050
      980
      980
     1090
     1074
     1154
     1130
     1190
     1176
     1272
     1200
     1258
     1236
     1326
     1278
     1248
     1288
     1310
     1288
     1302
     1270
     1242
     1304
     1224
     1240
     1176
     1188
     1110
     1064
     1064
     1032
     1014
     1038
      990
      948
      950
      956
      882
      844
      826
      800
      808
      800
      732
      760
      698
      736
      706
      686
      700
      706
      700
      702
      724
      674
      718
      722
      692
      730
      700
      758
      756
      802
      784
      804
      922
      876
      928
      964
     1012
     1044
     1062
     1088
     1176
     1214
     1320
     1294
     1412
     1276
     1404
     1388
     1500
     1380
     1414
     1396
     1400
     1410
     1344
     1296
     1272
     1264
     1306
     1210
     1234
     1156
     1118
     1074
     1028
     1032
     1006
      962
      862
      876
      836
      740
      720
      734
      690
      610
      610
      626
      598
      624
      524
      562
      518
      480
      484
      436
      456
      444
      446
      462
      436
      436
      414
      434
      394
      408
      398
      374
      366
      398
      362
      350
      382
      322
      390
      348
      374
      378
      380
      390
      334
      320
      304
      348
      366
      340
      360
      310
      320
      326
      324
      316
      324
      350
      310
      340
      330
      336
      302
      334
      338
      332
      320
      338
      302
      348
      306
      314
      340
      336
      308
      358
      384
      322
      348
      332
      356
      364
      374
      390
      390
      360
      350
      410
      390
      410
      408
      404
      414
      390
      450
      458
      440
      444
      436
      456
      476
      454
      510
      486
      460
      516
      526
      546
      482
      562
      550
      538
      556
      610
      616
      612
      648
      610
      694
      594
      642
      680
      650
      642
      682
      672
      730
      706
      744
      790
      746
      772
      792
      788
      782
      720
      758
      718
      700
      682
      678
      640
      636
      660
      648
      614
      670
      638
      624
      630
      606
      574
      626
      610
      586
      588
      556
      582
      546
      570
      564
      572
      534
      562
      544
      550
      552
      584
      546
      540
      512
      572
      544
      620
      558
      562
      556
      548
      590
      536
      578
      538
      536
      484
      528
      528
      514
      462
      506
      458
      480
      514
      508
      482
      514
      454
      460
      464
      478
      440
      476
      462
      450
      436
      416
      404
      396
      440
      424
      384
      372
      352
      364
      402
      362
      368
      344
      330
      322
      320
      324
      298
      318
      336
      306
      292
      280
      286
      316
      310
      270
      268
      266
      278
      262
      290
      280
      284
      298
      260
      268
      258
      248
      292
      252
      284
      272
      316
      244
      276
      246
      260
      268
      258
      274
      278
      250
      262
      286
      266
      268
      260
      236
      262
      276
      258
      244
      254
      250
      248
      268
      218
      280
      260
      246
      244
      264
      264
      244
      282
      258
      268
      260
      260
      268
      246
      270
      236
      246
      254
      224
      272
      264
      276
      280
      250
      276
      304
      266
      296
      264
      264
      282
      268
      286
      276
      256
      272
      262
      278
      274
      262
      270
      282
      260
      330
      316
      268
      282
      306
      280
      326
      314
      314
      332
      322
      300
      362
      334
      354
      318
      342
      366
      354
      414
      370
      380
      396
      412
      412
      436
      398
      430
      418
      416
      418
      494
      438
      462
      440
      460
      504
      424
      456
      484
      516
      502
      456
      488
      482
      520
      530
      564
      580
      538
      566
      594
      570
      610
      610
      666
      708
      716
      718
      816
      760
      814
      864
      880
      920
     1044
     1020
     1092
     1134
     1212
     1262
     1346
     1372
     1418
     1454
     1548
     1646
     1654
     1724
     1728
     1708
     1730
     1712
     1728
     1770
     1652
     1624
     1632
     1648
     1594
     1568
     1552
     1544
     1578
     1548
     1504
     1408
     1500
     1460
     1472
     1426
     1428
     1420
     1414
     1390
     1434
     1388
     1448
     1434
     1404
     1430
     1438
     1480
     1500
     1462
     1496
     1522
     1514
     1464
     1380
     1352
     1354
     1300
     1304
     1294
     1178
     1230
     1216
     1228
     1184
     1126
     1058
     1078
     1046
      982
     1018
      944
      954
      854
      882
      854
      822
      814
      786
      770
      702
      766
      764
      704
      680
      694
      668
      746
      718
      654
      710
      728
      708
      732
      688
      650
      766
      730
      792
      780
      788
      826
      816
      860
      888
      908
      978
      950
      984
     1030
     1034
     1104
     1132
     1120
     1226
     1170
     1266
     1354
     1432
     1438
     1412
     1512
     1480
     1544
     1600
     1630
     1720
     1690
     1748
     1826
     1880
     1924
     2020
     2018
     2020
     2076
     2186
     2178
     2256
     2328
     2296
     2386
     2420
     2532
     2588
     2540
     2518
     2620
     2512
     2680
     2584
     2576
     2580
     2604
     2448
     2482
     2518
     2420
     2430
     2382
     2296
     2288
     2212
     2134
     2154
     1970
     1932
     1906
     1794
     1714
     1640
     1622
     1548
     1510
     1490
     1384
     1330
     1288
     1254
     1196
     1160
     1108
     1062
     1006
      998
      896
      928
      858
      860
      792
      804
      784
      764
      786
      740
      726
      694
      704
      648
      714
      670
      664
      684
      696
      630
      716
      676
      748
      662
      704
      712
      710
      730
      704
      752
      758
      764
      780
      766
      778
      776
      732
      748
      730
      748
      710
      706
      698
      724
      770
      672
      680
      642
      692
      712
      698
      638
      676
      676
      702
      640
      676
      626
      652
      626
      598
      630
      602
      624
      580
      606
      586
      562
      570
      550
      534
      532
      566
      542
      566
      570
      536
      542
      540
      488
      496
      512
      518
      494
      508
      524
      480
      484
      472
      462
      466
      460
      432
      474
      474
      440
      426
      440
      378
      404
      450
      432
      422
      406
      360
      414
      374
      406
      390
      364
      388
      334
      394
      398
      438
      400
      380
      382
      360
      366
      376
      354
      398
      354
      310
      336
      358
      366
      358
      366
      346
      354
      340
      368
      324
      316
      360
      336
      346
      354
      350
      346
      304
      340
      322
      364
      370
      376
      362
      346
      310
      350
      354
      344
      374
      374
      354
      348
      374
      342
      354
      410
      354
      398
      426
      416
      366
      374
      408
      418
      386
      454
      424
      374
      388
      384
      406
      414
      420
      408
      432
      432
      436
      428
      504
      444
      434
      446
      442
      458
      522
      468
      510
      508
      480
      530
      534
      542
      558
      520
      514
      534
      578
      586
      586
      612
      590
      578
      568
      598
      596
      562
      586
      600
      582
      564
      608
      532
      546
      596
      634
      580
      576
      614
      604
      574
      576
      562
      542
      632
      580
      572
      614
      586
      648
      640
      648
      632
      626
      692
      698
      678
      646
      658
      668
      688
      688
      692
      722
      688
      678
      702
      704
      708
      638
      744
      724
      752
      764
      680
      704
      694
      676
      718
      634
      670
      634
      620
      658
      610
      656
      622
      572
      616
      594
      594
      564
      596
      578
      592
      592
      562
      570
      504
      530
      530
      532
      556
      542
      490
      566
      490
      534
      544
      500
      506
      540
      508
      502
      500
      558
      494
      518
      476
      482
      534
      466
      504
      526
      440
      478
      490
      500
      482
      494
      452
      454
      480
      464
      488
      418
      444
      450
      432
      404
      460
      454
      428
      440
      442
      420
      390
      392
      378
      362
      422
      394
      366
      370
      360
      360
      380
      336
      362
      346
      350
      324
      328
      350
      338
      346
      320
      328
      330
      312
      346
      348
      318
      316
      294
      330
      278
      340
      298
      288
      308
      274
      282
      312
      298
      312
      268
      274
      278
      274
      262
      280
      252
      254
      272
      288
      272
      278
      262
      202
      268
      258
      248
      246
      260
      258
      258
      282
      248
      246
      230
      220
      266
      256
      246
      240
      238
      238
      222
      210
      224
      252
      242
      210
      190
      218
      226
      202
      214
      236
      182
      220
      206
      188
      220
      200
      252
      212
      228
      244
      202
      212
      216
      212
      216
      236
      204
      228
      222
      214
      218
      264
      238
      232
      240
      232
      264
      260
      230
      262
      252
      240
      264
      250
      256
      238
      254
      256
      298
      266
      270
      294
      290
      304
      302
      338
      324
      382
      354
      364
      380
      354
      392
      410
      414
      430
      416
      446
      464
      466
      466
      446
      460
      486
      466
      530
      522
      462
      458
      524
      454
      472
      490
      478
      476
      440
      428
      454
      464
      448
      428
      422
      440
      402
      406
      374
      396
      380
      374
      370
      372
      374
      380
      362
      300
      324
      316
      294
      298
      314
      278
      252
      254
      274
      246
      254
      230
      262
      240
      256
      250
      232
      236
      222
      242
      228
      234
      220
      216
      228
      198
      228
      214
      220
      208
      212
      182
      220
      210
      202
      232
      216
      212
      188
      216
      204
      224
      234
      208
      204
      218
      198
      204
      210
      216
      190
      218
      210
      172
      188
      194
      198
      198
      218
      230
      206
      196
      208
      224
      202
      212
      216
      200
      226
      220
      200
      204
      224
      250
      222
      206
      224
      236
      228
      218
      232
      228
      246
      238
      252
      246
      240
      240
      292
      276
      250
      270
      292
      266
      276
      282
      272
      324
      310
      334
      310
      324
      336
      368
      364
      362
      344
      352
      368
      336
      362
      370
      412
      378
      378
      384
      390
      376
      372
      376
      406
      354
      408
      350
      354
      362
      330
      358
      384
      338
      340
      346
      296
      320
      332
      326
      296
      294
      304
      326
      290
      324
      280
      292
      290
      286
      324
      308
      326
      254
      292
      270
      280
      306
      252
      246
      262
      260
      282
      264
      236
      278
      276
      272
      248
      284
      236
      242
      244
      256
      250
      242
      224
      234
      212
      230
      236
      246
      250
      234
      238
      228
      234
      256
      222
      202
      240
      240
      246
      222
      230
      256
      238
      250
      260
      258
      250
      272
      242
      286
      274
      232
      242
      226
      266
      282
      236
      238
      270
      300
      272
      268
      266
      282
      340
      296
      290
      338
      360
      326
      352
      366
      394
      372
      366
      450
      410
      372
      418
      414
      436
      376
      436
      424
      410
      446
      434
      434
      416
      456
      458
      492
      492
      512
      494
      516
      550
      532
      572
      532
      596
      592
      596
      636
      620
      640
      688
      656
      720
      756
      738
      718
      748
      752
      780
      776
      762
      780
      824
      798
      806
      796
      820
      812
      810
      742
      768
      784
      748
      762
      764
      728
      770
      716
      728
      704
      712
      692
      658
      668
      620
      644
      628
      654
      576
      570
      648
      598
      556
      566
      512
      498
      512
      480
      500
      448
      450
      406
      458
      434
      418
      380
      400
      368
      374
      352
      372
      318
      340
      348
      344
      370
      342
      342
      296
      318
      316
      350
      324
      312
      316
      294
      316
      272
      322
      308
      304
      302
      288
      324
      288
      284
      330
      334
      310
      290
      320
      280
      314
      306
      302
      336
      328
      278
      326
      332
      330
      300
      358
      324
      352
      380
      362
      372
      396
      386
      422
      458
      396
      458
      462
      450
      466
      504
      490
      520
      548
      604
      616
      586
      612
      664
      646
      696
      726
      760
      764
      796
      806
      844
      978
      966
      952
      950
     1000
     1014
     1088
     1014
     1124
     1082
     1052
     1126
     1034
     1108
     1032
     1036
     1024
     1054
     1042
     1044
      976
     1034
     1038
     1014
      946
      976
      958
      908
      914
      848
      870
      850
      806
      770
      752
      734
      738
      656
      712
      650
      660
      562
      612
      610
      524
      562
      510
      510
      476
      508
      458
      470
      462
      394
      436
      436
      412
      422
      384
      362
      372
      360
      348
      350
      342
      330
      314
      360
      304
      308
      322
      304
      300
      280
      292
      306
      304
      290
      246
      280
      286
      290
      312
      254
      260
      306
      276
      316
      264
      274
      302
      258
      294
      300
      296
      292
      286
      276
      302
      280
      310
      300
      308
      298
      290
      336
      306
      302
      338
      316
      322
      356
      328
      326
      356
      320
      338
      336
      350
      400
      378
      388
      398
      394
      416
      442
      434
      440
      442
      472
      460
      478
      492
      440
      480
      480
      454
      446
      428
      476
      478
      422
      426
      432
      432
      438
      442
      422
      380
      396
      408
      406
      396
      412
      370
      392
      366
      376
      354
      362
      362
      352
      338
      350
      354
      312
      324
      308
      294
      306
      298
      296
      316
      282
      306
      282
      274
      260
      274
      274
      252
      278
      294
      282
      248
      274
      254
      270
      258
      266
      238
      260
      254
      246
      226
      246
      250
      244
      260
      232
      246
      218
      226
      250
      264
      230
      192
      226
      206
      246
      194
      214
      208
      224
      226
      212
      228
      188
      216
      190
      244
      210
      216
      210
      206
      218
      220
      198
      220
      216
      194
      216
      228
      196
      212
      220
      208
      242
      208
      196
      216
      192
      208
      198
      224
      218
      234
      194
      232
      200
      196
      210
      224
      222
      220
      222
      204
      234
      228
      234
      188
      214
      192
      184
      212
      220
      196
      220
      224
      200
      232
      208
      202
      214
      192
      216
      204
      222
      212
      208
      170
      194
      210
      172
      194
      214
      192
      206
      180
      164
      202
      188
      230
      232
      198
      232
      212
      180
      220
      194
      200
      216
      226
      200
      238
      238
      236
      220
      236
      214
      236
      242
      238
      268
      246
      268
      286
      258
      260
      264
      296
      338
      334
      308
      288
      334
      350
      348
      368
      368
      398
      396
      380
      392
      416
      394
      432
      476
      452
      482
      448
      482
      428
      472
      522
      526
      502
      470
      510
      494
      544
      532
      532
      488
      546
      498
      496
      492
      522
      528
      498
      520
      502
      508
      494
      524
      532
      484
      478
      506
      464
      484
      500
      436
      432
      448
      460
      434
      438
      448
      374
      426
      432
      390
      400
      434
      412
      450
      410
      402
      380
      364
      374
      378
      374
      404
      362
      372
      372
      388
      404
      388
      336
      358
      370
      376
      382
      368
      384
      400
      404
      362
      368
      420
      416
      402
      434
      394
      388
      446
      426
      402
      430
      390
      422
      460
      436
      418
      416
      428
      386
      432
      440
      408
      404
      418
      412
      424
      388
      418
      344
      436
      386
      362
      424
      356
      392
      424
      370
      396
      368
      354
      352
      400
      358
      410
      364
      374
      342
      384
      388
      340
      396
      338
      356
      354
      372
      334
      342
      420
      350
      326
      328
      324
      342
      348
      332
      318
      326
      318
      366
      354
      304
      324
      322
      314
      314
      304
      308
      302
      302
      288
      316
      262
      304
      248
      268
      288
      268
      286
      294
      274
      264
      266
      252
      264
      250
      234
      258
      224
      220
      268
      238
      248
      238
      220
      232
      216
      220
      238
      238
      240
      228
      200
      226
      196
      224
      210
      210
      180
      190
      216
      228
      198
      198
      220
      196
      208
      200
      200
      180
      212
      196
      204
      200
      172
      222
      180
      206
      188
      202
      194
      208
      200
      186
      164
      190
      222
      180
      192
      180
      190
      210
      200
      190
      194
      196
      194
      204
      220
      198
      206
      232
      190
      242
      216
      204
      228
      188
      190
      226
      232
      208
      208
      226
      228
      214
      236
      202
      242
      252
      222
      230
      226
      212
      222
      224
      242
      256
      258
      240
      260
      266
      284
      206
      286
      238
      258
      262
      266
      244
      234
      258
      262
      224
      230
      236
      244
      264
      246
      230
      226
      222
      228
      216
      232
      214
      226
      226
      214
      216
      208
      198
      218
      192
      218
      198
      196
      198
      218
      196
      172
      206
      156
      204
      170
      206
      172
      168
      150
      190
      152
      168
      184
      168
      178
      158
      148
      176
      164
      158
      146
      158
      158
      186
      176
      164
      170
      166
      194
      184
      178
      162
      186
      156
      194
      164
      166
      158
      170
      196
      164
      168
      170
      166
      168
      146
      164
      166
      178
      162
      182
      174
      186
      178
      168
      152
      194
      168
      170
      170
      180
      190
      188
      166
      182
      172
      160
      164
      170
      186
      208
      174
      170
      198
      172
      162
      184
      188
      160
      172
      182
      174
      184
      172
      182
      186
      164
      168
      166
      196
      172
      188
      166
      214
      206
      184
      206
      194
      172
      184
      174
      200
      188
      184
      164
      170
      186
      196
      148
      186
      194
      198
      186
      204
      198
      174
      190
      162
      196
      158
      206
      178
      164
      166
      180
      210
      198
      202
      170
      198
      182
      206
      190
      174
      192
      184
      190
      214
      190
      182
      196
      194
      192
      198
      186
      196
      206
      190
      196
      200
      220
      214
      194
      208
      190
      220
      208
      214
      212
      208
      210
      184
      206
      194
      222
      210
      242
      188
      206
      222
      246
      232
      230
      236
      252
      222
      236
      224
      240
      232
      276
      272
      270
      250
      268
      268
      268
      276
      276
      290
      274
      296
      272
      288
      308
      314
      290
      272
      312
      316
      268
      302
      328
      300
      320
      326
      308
      364
      320
      338
      362
      340
      352
      364
      344
      374
      360
      354
      394
      372
      376
      430
      402
      414
      392
      388
      384
      392
      398
      378
      378
      368
      374
      358
      344
      378
      372
      354
      374
      352
      380
      332
      388
      350
      354
      368
      332
      374
      346
      338
      312
      332
      322
      396
      328
      362
      344
      348
      336
      348
      332
      342
      348
      324
      360
      362
      328
      310
      316
      318
      356
      348
      314
      308
      308
      370
      344
      382
      334
      364
      322
      322
      368
      352
      352
      374
      398
      346
      374
      392
      406
      444
      406
      406
      440
      450
      474
      462
      528
      502
      524
      522
      536
      558
      578
      548
      588
      628
      616
      634
      592
      626
      654
      680
      684
      694
      666
      730
      730
      664
      690
      678
      678
      670
      688
      642
      680
      612
      636
      636
      630
      604
      622
      612
      652
      594
      578
      592
      608
      566
      554
      538
      548
      562
      522
      488
      500
      486
      458
      432
      440
      440
      408
      390
      444
      430
      350
      408
      356
      376
      364
      352
      374
      328
      340
      336
      330
      358
      330
      310
      318
      310
      322
      298
      322
      286
      328
      316
      322
      308
      314
      316
      352
      326
      306
      314
      282
      304
      304
      284
      330
      296
      296
      342
      292
      318
      312
      312
      326
      328
      350
      334
      350
      352
      338
      358
      334
      346
      340
      374
      338
      362
      364
      330
      346
      366
      320
      384
      354
      354
      328
      358
      382
      364
      358
      352
      358
      336
      330
      358
      318
      352
      364
      314
      340
      344
      324
      308
      304
      298
      316
      264
      290
      294
      300
      298
      280
      306
      268
      288
      302
      264
      270
      286
      252
      274
      266
      262
      244
      270
      232
      254
      258
      240
      242
      206
      228
      254
      228
      258
      238
      206
      254
      248
      210
      240
      210
      210
      250
      210
      218
      202
      240
      224
      212
      218
      210
      224
      206
      214
      202
      192
      220
      230
      226
      266
      200
      222
      218
      234
      220
      206
      216
      222
      198
      228
      244
      194
      210
      230
      240
      214
      244
      226
      254
      222
      256
      236
      210
      218
      210
      226
      236
      240
      230
      230
      216
      222
      232
      246
      228
      218
      208
      218
      242
      234
      234
      248
      234
      234
      216
      218
      202
      234
      186
      218
      186
      220
      228
      204
      210
      186
      196
      220
      204
      210
      214
      230
      224
      188
      212
      184
      202
      174
      204
      212
      216
      214
      204
      206
      210
      210
      224
      190
      192
      212
      216
      200
      216
      188
      194
      204
      208
      216
      226
      210
      236
      212
      218
      194
      232
      202
      196
      200
      224
      212
      222
      226
      234
      220
      204
      212
      186
      210
      210
      206
      220
      226
      234
      190
      210
      214
      222
      216
      234
      214
      204
      236
      228
      172
      220
      192
      216
      210
      208
      188
      196
      210
      218
      216
      186
      192
      184
      204
      192
      188
      184
      198
      204
      184
      204
      174
      202
      212
      194
      202
      204
      200
      170
      188
      194
      212
      178
      202
      184
      172
      170
      208
      200
      172
      154
      184
      202
      202
      184
      210
      194
      188
      176
      188
      214
      194
      228
      224
      222
      190
      232
      212
      224
      210
      218
      226
      248
      232
      210
      220
      214
      226
      192
      214
      228
      228
      212
      238
      212
      230
      202
      210
      234
      202
      264
      202
      224
      230
      214
      226
      218
      236
      196
      240
      224
      230
      216
      226
      220
      218
      230
      228
      244
      206
      196
      202
      252
      222
      216
      228
      234
      198
      230
      246
      258
      220
      202
      220
      236
      222
      252
      234
      252
      212
      262
      244
      216
      246
      246
      230
      244
      268
      260
      228
      236
      244
      256
      258
      232
      274
      234
      248
      254
      270
      240
      278
      280
      266
      292
      272
      280
      284
      260
      260
      274
      268
      280
      268
      308
      284
      298
      290
      278
      292
      300
      298
      278
      288
      264
      310
      318
      304
      328
      304
      322
      290
      290
      286
      346
      348
      318
      314
      338
      284
      298
      274
      296
      316
      314
      318
      320
      308
      338
      294
      346
      366
      334
      330
      336
      336
      350
      340
      354
      362
      358
      360
      354
      382
      382
      404
      400
      382
      406
      460
      414
      434
      416
      394
      406
      432
      398
      422
      426
      448
      440
      424
      428
      434
      456
      432
      424
      398
      418
      428
      414
      470
      428
      392
      416
      404
      424
      392
      426
      386
      408
      420
      406
      400
      440
      398
      406
      388
      420
      426
      416
      376
      394
      384
      384
      348
      366
      390
      380
      344
      352
      384
      324
      368
      382
      344
      368
      340
      354
      328
      334
      320
      346
      322
      316
      356
      304
      344
      360
      288
      294
      342
      288
      322
      298
      326
      310
      292
      280
      272
      264
      266
      296
      294
      258
      298
      252
      290
      272
      290
      264
      298
      278
      272
      274
      232
      238
      252
      244
      296
      254
      264
      266
      244
      246
      262
      240
      258
      270
      216
      224
      226
      236
      242
      244
      244
      244
      246
      244
      250
      228
      272
      256
      254
      272
      240
      234
      242
      242
      258
      220
      268
      242
      258
      278
      266
      266
      230
      254
      248
      246
      234
      226
      238
      242
      248
      240
      256
      214
      244
      252
      244
      272
      258
      250
      248
      244
      274
      248
      248
      216
      220
      236
      194
      224
      232
      234
      244
      208
      220
      234
      248
      232
      196
      230
      232
      226
      248
      246
      218
      214
      234
      204
      228
      236
      232
      224
      226
      232
      204
      214
      234
      222
      230
      218
      222
      208
      198
      210
      228
      206
      210
      254
      194
      206
      198
      234
      204
      228
      220
      192
      238
      224
      216
      202
      212
      188
      204
      230
      178
      194
      246
      230
      230
      210
      228
      230
      192
      206
      182
      212
      200
      178
      202
      202
      206
      176
      218
      190
      202
      232
      206
      188
      212
      196
      216
      192
      196
      208
      220
      188
      198
      234
      226
      198
      212
      224
      234
      230
      228
      218
      204
      210
      244
      224
      224
      252
      242
      212
      254
      232
      232
      216
      240
      242
      230
      230
      262
      244
      226
      250
      228
      232
      240
      220
      244
      196
      228
      226
      238
      224
      214
      236
      234
      202
      226
      258
      234
      250
      216
      248
      232
      212
      234
      224
      208
      218
      180
      200
      216
      214
      198
      208
      212
      176
      194
      198
      212
      186
      204
      182
      194
      184
      206
      188
      198
      190
      212
      174
      164
      204
      184
      170
      156
      172
      206
      180
      168
      194
      176
      196
      182
      194
      174
      198
      188
      208
      220
      186
      192
      206
      218
      176
      198
      218
      206
      206
      198
      172
      174
      184
      202
      192
      186
      186
      178
      188
      170
      206
      204
      204
      180
      172
      180
      210
      226
      184
      218
      222
      202
      218
      200
      244
      210
      198
      208
      208
      204
      208
      214
      226
      242
      208
      188
      208
      224
      236
      228
      230
      276
      214
      234
      242
      270
      250
      258
      228
      234
      224
      240
      252
      258
      266
      278
      306
      256
      268
      282
      284
      316
      254
      280
      280
      262
      314
      248
      268
      244
      292
      264
      274
      268
      268
      264
      238
      268
      256
      294
      240
      244
      248
      284
      244
      246
      262
      248
      262
      240
      264
      232
      248
      244
      226
      240
      232
      234
      230
      242
      238
      242
      212
      210
      228
      212
      194
      250
      240
      214
      232
      224
      192
      214
      240
      244
      204
      246
      236
      236
      216
      214
      232
      224
      238
      244
      230
      266
      242
      280
      266
      264
      296
      272
      262
      264
      260
      268
      270
      264
      302
      284
      288
      294
      292
      284
      316
      250
      320
      286
      318
      264
      304
      310
      304
      318
      262
      278
      324
      306
      298
      298
      296
      306
      304
      302
      302
      322
      310
      312
      314
      326
      324
      298
      294
      320
      288
      318
      312
      292
      306
      282
      296
      278
      284
      282
      294
      302
      302
      302
      268
      284
      258
      300
      268
      272
      274
      314
      284
      294
      304
      288
      274
      306
      232
      264
      280
      282
      288
      234
      280
      262
      256
      298
      270
      296
      264
      266
      272
      276
      290
      286
      278
      238
      286
      280
      292
      294
      258
      282
      284
      274
      280
      280
      264
      268
      276
      278
      246
      286
      242
      280
      298
      292
      272
      274
      276
      264
      272
      274
      258
      230
      236
      226
      230
      244
      250
      252
      260
      236
      256
      246
      224
      238
      256
      220
      244
      252
      254
      218
      242
      234
      252
      228
      252
      226
      232
      212
      212
      230
      236
      248
      198
      206
      208
      192
      198
      220
      228
      240
      220
      200
      232
      206
      214
      202
      240
      228
      204
      234
      220
      198
      204
      226
      210
      228
      240
      190
      216
      210
      232
      212
      214
      234
      220
      202
      226
      260
      202
      216
      208
      226
      238
      202
      230
      200
      250
      230
      228
      194
      234
      210
      236
      236
      220
      254
      230
      216
      194
      232
      232
      228
      220
      236
      208
      234
      226
      238
      232
      232
      236
      262
      240
      228
      232
      262
      254
      244
      236
      236
      254
      238
