



    5.000 0.0100 70.000
      734
      706
      662
      700
      700
      722
      720
      704
      648
      756
      724
      706
      706
      702
      664
      738
      732
      698
      726
      662
      658
      690
      706
      704
      688
      742
      748
      636
      720
      678
      642
      690
      704
      690
      634
      652
      704
      672
      706
      696
      642
      700
      710
      688
      672
      706
      634
      692
      724
      704
      680
      692
      680
      662
      714
      626
      624
      658
      726
      682
      682
      654
      668
      686
      638
      666
      694
      668
      670
      630
      674
      620
      690
      684
      638
      664
      666
      660
      642
      684
      652
      594
      610
      616
      698
      604
      652
      642
      622
      592
      640
      662
      642
      614
      646
      676
      680
      630
      652
      628
      650
      640
      678
      626
      638
      632
      666
      604
      640
      634
      622
      598
      640
      616
      576
      578
      626
      592
      640
      678
      636
      650
      600
      610
      654
      614
      620
      656
      648
      614
      622
      608
      598
      630
      590
      646
      580
      592
      622
      652
      606
      614
      612
      574
      610
      610
      582
      564
      626
      596
      600
      614
      582
      566
      544
      572
      594
      602
      572
      572
      608
      604
      592
      548
      588
      612
      600
      566
      596
      552
      522
      600
      540
      576
      574
      554
      578
      592
      600
      580
      622
      568
      540
      532
      588
      560
      558
      564
      556
      572
      554
      546
      528
      544
      560
      510
      544
      568
      548
      614
      508
      536
      566
      550
      532
      554
      572
      514
      512
      532
      544
      540
      560
      562
      542
      538
      556
      534
      548
      536
      536
      536
      556
      570
      558
      576
      514
      528
      512
      580
      564
      544
      558
      520
      536
      508
      536
      568
      522
      564
      530
      498
      520
      490
      476
      480
      546
      520
      540
      512
      508
      500
      528
      526
      518
      500
      524
      516
      484
      498
      510
      528
      490
      530
      508
      526
      518
      492
      494
      512
      504
      512
      496
      536
      514
      528
      496
      514
      484
      494
      506
      452
      482
      528
      470
      476
      512
      500
      514
      496
      498
      516
      474
      492
      492
      500
      478
      502
      506
      454
      470
      482
      494
      484
      472
      462
      504
      524
      498
      438
      456
      458
      482
      422
      474
      480
      452
      450
      454
      482
      440
      454
      468
      448
      486
      474
      442
      460
      446
      474
      484
      480
      488
      466
      482
      476
      474
      488
      432
      486
      470
      434
      474
      436
      436
      456
      438
      426
      450
      470
      446
      424
      476
      414
      482
      420
      454
      428
      468
      440
      416
      410
      480
      440
      452
      438
      436
      432
      444
      436
      426
      452
      442
      438
      436
      444
      426
      474
      414
      450
      420
      440
      428
      460
      466
      424
      426
      484
      426
      434
      428
      456
      426
      426
      426
      438
      448
      458
      426
      474
      406
      416
      430
      424
      454
      390
      400
      416
      416
      448
      382
      444
      428
      416
      448
      390
      404
      410
      424
      440
      392
      422
      400
      398
      400
      434
      442
      432
      448
      412
      402
      358
      408
      384
      384
      390
      416
      424
      380
      392
      442
      378
      380
      364
      400
      404
      430
      402
      414
      400
      418
      426
      352
      402
      422
      386
      390
      382
      404
      384
      378
      390
      376
      412
      366
      372
      376
      370
      408
      392
      372
      406
      382
      424
      414
      368
      426
      394
      410
      388
      366
      392
      378
      380
      336
      364
      364
      416
      352
      374
      396
      358
      388
      406
      348
      384
      372
      448
      384
      406
      376
      412
      366
      438
      376
      392
      396
      398
      358
      396
      442
      392
      376
      392
      392
      412
      340
      364
      394
      370
      372
      346
      352
      376
      336
      368
      362
      356
      382
      334
      370
      368
      318
      362
      350
      344
      334
      348
      336
      346
      338
      370
      358
      332
      344
      362
      356
      356
      336
      350
      320
      358
      370
      306
      340
      330
      316
      354
      340
      326
      342
      302
      316
      350
      346
      362
      332
      326
      336
      320
      318
      322
      324
      336
      304
      360
      364
      336
      318
      298
      336
      362
      348
      356
      322
      338
      334
      336
      318
      338
      322
      296
      300
      296
      334
      334
      340
      322
      338
      306
      330
      340
      314
      338
      322
      326
      348
      316
      320
      336
      370
      308
      334
      304
      308
      320
      330
      294
      326
      298
      362
      314
      308
      346
      324
      336
      338
      316
      308
      320
      302
      328
      318
      304
      324
      302
      312
      310
      280
      336
      310
      288
      314
      306
      328
      318
      352
      286
      300
      310
      310
      284
      298
      326
      296
      274
      302
      322
      302
      342
      320
      310
      318
      320
      308
      312
      320
      302
      290
      310
      304
      314
      304
      326
      312
      304
      304
      290
      320
      336
      318
      288
      300
      312
      334
      336
      322
      288
      336
      322
      332
      348
      330
      348
      390
      334
      318
      348
      358
      376
      328
      358
      354
      402
      388
      410
      430
      400
      434
      394
      422
      436
      416
      438
      430
      448
      444
      446
      498
      484
      454
      496
      458
      458
      486
      446
      444
      454
      376
      388
      334
      368
      322
      300
      310
      310
      316
      286
      294
      332
      276
      284
      310
      332
      274
      270
      320
      276
      290
      266
      312
      264
      280
      284
      278
      300
      280
      272
      242
      240
      272
      284
      268
      268
      284
      246
      272
      278
      256
      264
      258
      250
      246
      248
      256
      264
      264
      254
      250
      252
      248
      244
      246
      262
      224
      230
      258
      280
      248
      232
      276
      250
      256
      234
      256
      244
      254
      262
      252
      236
      254
      248
      252
      274
      274
      238
      256
      244
      232
      268
      222
      242
      248
      230
      242
      262
      252
      270
      226
      272
      242
      248
      234
      256
      230
      240
      248
      254
      242
      254
      254
      256
      226
      248
      210
      270
      222
      246
      224
      240
      206
      220
      226
      244
      244
      232
      230
      252
      236
      236
      252
      246
      236
      220
      252
      218
      254
      238
      240
      250
      262
      240
      234
      244
      244
      256
      218
      260
      236
      232
      246
      252
      196
      216
      226
      236
      266
      206
      240
      242
      228
      208
      218
      222
      232
      216
      222
      220
      212
      208
      210
      228
      220
      216
      234
      250
      236
      218
      240
      244
      224
      244
      238
      232
      202
      240
      216
      238
      220
      210
      222
      228
      226
      228
      234
      216
      240
      186
      232
      210
      216
      204
      222
      222
      246
      204
      246
      238
      244
      216
      212
      238
      208
      198
      224
      204
      220
      242
      238
      212
      234
      208
      222
      230
      240
      228
      212
      242
      220
      206
      220
      228
      222
      208
      238
      202
      230
      230
      218
      226
      230
      204
      220
      246
      240
      238
      234
      244
      242
      236
      222
      244
      222
      206
      210
      234
      236
      230
      238
      246
      224
      260
      242
      252
      264
      248
      270
      244
      264
      302
      232
      264
      298
      266
      274
      278
      286
      306
      292
      308
      298
      324
      314
      312
      320
      302
      314
      326
      308
      312
      316
      356
      314
      334
      352
      306
      302
      310
      300
      306
      330
      286
      294
      292
      310
      284
      266
      274
      262
      290
      242
      230
      270
      258
      254
      244
      248
      230
      252
      228
      222
      226
      224
      234
      222
      226
      218
      236
      214
      224
      214
      176
      242
      224
      214
      200
      212
      244
      198
      218
      222
      208
      226
      194
      216
      208
      210
      228
      208
      206
      180
      202
      190
      210
      206
      214
      198
      188
      202
      210
      194
      196
      218
      212
      192
      196
      184
      192
      188
      186
      188
      196
      200
      194
      224
      204
      212
      214
      202
      172
      200
      192
      192
      186
      216
      176
      214
      178
      208
      190
      178
      220
      204
      182
      228
      198
      182
      198
      196
      202
      206
      172
      196
      192
      188
      208
      232
      196
      204
      186
      188
      194
      198
      188
      218
      196
      208
      230
      204
      200
      208
      172
      200
      176
      182
      218
      162
      204
      186
      204
      174
      196
      184
      198
      190
      206
      182
      186
      180
      204
      216
      192
      188
      178
      214
      200
      176
      184
      202
      190
      200
      176
      220
      180
      204
      220
      182
      222
      202
      258
      206
      206
      220
      206
      216
      228
      226
      226
      224
      232
      224
      232
      248
      252
      280
      256
      270
      288
      286
      302
      344
      302
      308
      318
      338
      316
      316
      338
      340
      370
      368
      384
      414
      382
      444
      384
      414
      428
      474
      458
      458
      454
      460
      464
      466
      468
      444
      442
      446
      460
      468
      420
      414
      394
      408
      318
      392
      350
      366
      360
      376
      356
      336
      340
      286
      316
      308
      294
      308
      292
      284
      306
      280
      284
      236
      240
      252
      246
      264
      274
      222
      250
      212
      242
      244
      238
      216
      234
      228
      230
      232
      232
      238
      230
      252
      222
      212
      248
      216
      218
      212
      228
      178
      212
      214
      196
      200
      200
      198
      214
      224
      200
      196
      176
      178
      208
      194
      172
      168
      188
      194
      202
      174
      180
      164
      184
      176
      192
      190
      184
      152
      188
      154
      176
      202
      188
      180
      190
      176
      192
      190
      202
      180
      182
      156
      174
      162
      184
      186
      178
      158
      186
      186
      196
      184
      194
      174
      206
      194
      174
      204
      188
      184
      166
      178
      160
      194
      176
      182
      162
      170
      186
      178
      152
      192
      180
      178
      182
      186
      176
      180
      168
      208
      220
      208
      198
      192
      158
      166
      184
      184
      222
      168
      188
      186
      180
      190
      192
      180
      192
      158
      186
      186
      222
      190
      196
      200
      198
      218
      190
      182
      180
      200
      212
      214
      238
      240
      204
      222
      222
      236
      218
      230
      244
      252
      254
      292
      270
      282
      294
      322
      318
      318
      346
      380
      360
      412
      390
      410
      420
      444
      454
      484
      504
      534
      500
      598
      604
      638
      682
      726
      778
      834
      876
      926
      914
     1132
     1102
     1194
     1336
     1372
     1594
     1634
     1840
     1984
     2060
     2242
     2452
     2602
     2802
     2908
     3144
     3092
     3378
     3456
     3376
     3360
     3278
     3032
     2862
     2686
     2460
     2236
     1974
     1744
     1646
     1508
     1286
     1214
     1090
     1004
      986
      930
      898
      898
      950
      976
      980
     1048
     1014
     1096
     1182
     1238
     1254
     1396
     1428
     1508
     1608
     1768
     1840
     1992
     2010
     2120
     2294
     2406
     2460
     2558
     2684
     2678
     2744
     2624
     2596
     2450
     2396
     2278
     2090
     1916
     1680
     1580
     1378
     1238
     1010
      932
      814
      750
      688
      668
      586
      552
      528
      528
      492
      480
      472
      464
      502
      462
      472
      418
      446
      432
      470
      424
      422
      440
      396
      366
      414
      366
      386
      360
      326
      320
      318
      266
      298
      300
      288
      264
      260
      248
      244
      248
      248
      226
      244
      234
      222
      248
      250
      228
      200
      222
      210
      212
      226
      210
      202
      224
      214
      216
      182
      232
      216
      240
      212
      226
      216
      216
      222
      222
      232
      246
      236
      258
      246
      260
      268
      270
      260
      300
      306
      300
      320
      314
      338
      378
      330
      368
      432
      404
      442
      476
      486
      528
      498
      582
      648
      624
      720
      682
      728
      784
      828
      916
      912
      996
      980
     1048
     1068
     1072
     1146
     1098
     1038
     1036
      992
     1038
      978
      860
      872
      810
      762
      680
      626
      594
      610
      498
      466
      478
      438
      344
      334
      332
      308
      312
      298
      286
      278
      246
      226
      208
      240
      228
      226
      244
      206
      226
      196
      194
      226
      200
      200
      188
      186
      194
      202
      194
      190
      198
      180
      188
      206
      162
      190
      168
      182
      162
      188
      180
      188
      176
      182
      188
      174
      184
      172
      186
      164
      158
      176
      166
      174
      170
      196
      150
      180
      160
      156
      162
      162
      192
      170
      192
      182
      156
      170
      196
      198
      184
      182
      190
      176
      180
      176
      170
      180
      180
      176
      206
      198
      192
      178
      222
      180
      184
      188
      204
      218
      220
      204
      198
      224
      236
      242
      238
      268
      232
      262
      228
      274
      282
      302
      268
      314
      326
      318
      368
      356
      394
      422
      412
      486
      488
      514
      516
      516
      558
      630
      678
      712
      702
      762
      810
      902
     1010
     1030
     1154
     1224
     1288
     1400
     1582
     1590
     1874
     2072
     2168
     2380
     2610
     2924
     3090
     3262
     3564
     3816
     3978
     4288
     4484
     4540
     4612
     4572
     4514
     4210
     4238
     3844
     3620
     3334
     2878
     2604
     2250
     2030
     1850
     1636
     1338
     1240
     1028
      966
      852
      812
      782
      744
      648
      614
      596
      582
      564
      494
      498
      470
      470
      440
      458
      422
      418
      408
      404
      402
      382
      378
      364
      344
      346
      326
      342
      318
      318
      304
      320
      276
      308
      296
      272
      240
      224
      278
      270
      244
      258
      246
      224
      264
      236
      238
      236
      222
      234
      206
      244
      224
      232
      216
      224
      222
      220
      234
      210
      230
      222
      232
      226
      218
      204
      204
      230
      220
      210
      236
      202
      208
      208
      232
      218
      218
      234
      194
      220
      226
      212
      184
      186
      188
      190
      230
      212
      194
      216
      224
      204
      236
      220
      192
      242
      212
      212
      188
      228
      226
      234
      228
      232
      226
      234
      248
      248
      226
      236
      236
      248
      244
      240
      252
      260
      270
      246
      266
      302
      278
      288
      338
      326
      348
      348
      408
      400
      430
      422
      472
      438
      544
      536
      544
      658
      694
      762
      744
      836
      840
      840
      912
      936
     1038
     1030
     1062
     1038
     1044
      992
      998
      976
      970
      938
      910
      886
      834
      808
      776
      748
      648
      672
      664
      532
      562
      518
      468
      442
      460
      404
      410
      372
      370
      350
      372
      304
      312
      298
      310
      296
      280
      296
      276
      258
      288
      284
      288
      270
      292
      284
      294
      286
      262
      274
      266
      290
      288
      260
      260
      262
      250
      282
      242
      246
      276
      254
      254
      260
      272
      230
      262
      280
      254
      254
      236
      270
      286
      268
      272
      268
      266
      290
      272
      316
      296
      324
      310
      278
      278
      316
      316
      354
      310
      376
      382
      358
      394
      410
      398
      452
      428
      492
      518
      574
      594
      608
      670
      658
      668
      814
      858
      880
      914
     1014
      978
     1058
     1046
     1040
     1018
     1060
     1002
      980
      912
      848
      822
      776
      752
      650
      566
      540
      488
      454
      418
      410
      364
      332
      290
      346
      298
      298
      300
      302
      300
      260
      252
      250
      250
      246
      252
      246
      240
      210
      240
      226
      212
      214
      224
      224
      218
      222
      226
      216
      192
      216
      182
      222
      214
      212
      214
      224
      224
      250
      226
      220
      206
      206
      220
      246
      252
      260
      256
      268
      296
      314
      294
      320
      312
      324
      366
      364
      368
      340
      384
      426
      434
      444
      418
      474
      434
      492
      490
      454
      524
      514
      566
      568
      574
      554
      528
      546
      514
      546
      588
      590
      614
      638
      576
      636
      638
      636
      656
      656
      648
      614
      668
      614
      566
      574
      604
      598
      528
      534
      552
      534
      486
      458
      428
      480
      374
      396
      348
      368
      298
      298
      306
      270
      292
      292
      260
      284
      256
      272
      242
      264
      280
      266
      268
      254
      258
      278
      244
      262
      244
      300
      256
      284
      260
      274
      282
      290
      250
      304
      286
      276
      292
      268
      300
      312
      320
      306
      302
      342
      352
      390
      340
      346
      390
      398
      398
      416
      436
      430
      436
      526
      488
      560
      558
      558
      604
      618
      640
      636
      680
      716
      676
      734
      670
      756
      690
      654
      680
      652
      638
      654
      608
      606
      568
      570
      484
      490
      510
      446
      452
      426
      434
      408
      382
      396
      358
      324
      338
      304
      280
      270
      288
      312
      284
      282
      290
      280
      290
      282
      286
      260
      312
      290
      280
      264
      300
      326
      310
      328
      316
      330
      348
      346
      322
      352
      370
      376
      384
      412
      436
      448
      482
      478
      498
      508
      584
      642
      658
      732
      800
      792
      824
     1014
     1026
     1076
     1094
     1186
     1270
     1284
     1354
     1412
     1396
     1466
     1404
     1356
     1282
     1262
     1190
     1136
     1046
      984
      868
      794
      740
      692
      602
      570
      540
      496
      454
      434
      392
      396
      348
      334
      302
      334
      280
      274
      236
      296
      238
      236
      248
      234
      256
      228
      236
      220
      190
      202
      234
      214
      214
      220
      224
      224
      214
      228
      216
      182
      188
      218
      180
      234
      198
      208
      210
      198
      208
      218
      190
      214
      186
      226
      216
      208
      214
      202
      214
      204
      210
      226
      212
      220
      248
      210
      206
      192
      186
      200
      202
      196
      192
      196
      202
      190
      198
      224
      206
      206
      186
      226
      236
      192
      202
      166
      228
      228
      206
      208
      238
      236
      210
      216
      238
      238
      238
      234
      274
      258
      220
      226
      278
      296
      236
      274
      276
      270
      290
      276
      274
      286
      258
      296
      248
      306
      276
      310
      318
      272
      324
      274
      292
      316
      292
      282
      300
      298
      264
      262
      256
      256
      268
      236
      260
      288
      290
      248
      246
      256
      234
      236
      270
      256
      260
      264
      288
      266
      288
      280
      284
      316
      324
      320
      362
      340
      334
      400
      408
      444
      514
      448
      488
      604
      612
      596
      684
      726
      766
      796
      836
      850
      934
     1002
      920
     1054
     1130
     1190
     1168
     1204
     1322
     1336
     1358
     1378
     1472
     1418
     1394
     1530
     1462
     1558
     1466
     1516
     1400
     1354
     1280
     1254
     1278
     1194
     1146
     1044
     1002
      980
      902
      888
      826
      820
      862
      828
      806
      702
      748
      772
      758
      710
      714
      704
      710
      744
      708
      782
      738
      754
      720
      730
      784
      738
      736
      744
      718
      736
      722
      738
      664
      704
      616
      666
      654
      632
      580
      596
      562
      514
      550
      520
      554
      494
      478
      460
      458
      450
      404
      398
      450
      424
      370
      436
      398
      384
      386
      378
      394
      362
      364
      344
      370
      352
      338
      350
      332
      296
      298
      288
      284
      280
      284
      280
      234
      232
      242
      246
      234
      236
      242
      238
      254
      224
      250
      214
      260
      236
      276
      264
      228
      220
      258
      224
      254
      218
      248
      276
      236
      262
      242
      286
      266
      252
      264
      296
      282
      302
      280
      332
      288
      328
      338
      320
      366
      326
      328
      376
      358
      410
      366
      394
      410
      444
      458
      502
      454
      518
      526
      540
      560
      598
      616
      650
      706
      690
      736
      754
      768
      830
      926
      934
      982
      974
     1124
     1120
     1228
     1336
     1378
     1502
     1530
     1600
     1760
     1892
     2030
     2072
     2156
     2402
     2486
     2484
     2584
     2596
     2624
     2522
     2514
     2398
     2344
     2278
     2062
     1988
     1842
     1838
     1632
     1630
     1554
     1400
     1308
     1332
     1262
     1258
     1204
     1102
     1184
     1118
     1154
     1194
     1264
     1288
     1372
     1420
     1458
     1520
     1668
     1814
     1818
     1858
     2104
     2156
     2426
     2588
     2812
     3040
     3356
     3536
     3890
     4476
     4632
     4984
     5338
     5914
     6328
     6738
     6926
     7514
     7792
     7960
     8086
     8170
     8166
     8028
     8088
     7892
     7612
     7284
     6912
     6624
     6114
     5780
     5194
     4902
     4410
     4028
     3648
     3266
     3024
     2826
     2592
     2240
     2038
     1834
     1790
     1646
     1396
     1446
     1350
     1240
     1222
     1238
     1218
     1128
     1074
     1170
     1076
     1098
     1122
     1108
     1124
     1070
     1108
     1214
     1250
     1220
     1354
     1362
     1352
     1516
     1548
     1604
     1720
     1666
     1680
     1682
     1674
     1684
     1578
     1550
     1462
     1400
     1304
     1290
     1194
     1100
     1044
      994
      854
      820
      786
      716
      636
      606
      546
      504
      476
      470
      438
      398
      404
      378
      356
      348
      342
      330
      306
      304
      296
      274
      298
      306
      256
      266
      260
      250
      238
      240
      276
      238
      216
      258
      230
      256
      204
      192
      236
      236
      238
      188
      204
      214
      204
      214
      218
      204
      222
      186
      196
      220
      210
      188
      186
      172
      198
      200
      204
      192
      168
      220
      188
      200
      184
      190
      188
      190
      202
      188
      178
      170
      190
      194
      210
      178
      188
      198
      206
      198
      176
      190
      202
      210
      204
      192
      192
      194
      222
      192
      196
      204
      198
      204
      210
      178
      174
      210
      202
      188
      194
      200
      200
      162
      200
      168
      196
      178
      196
      198
      188
      198
      198
      186
      222
      170
      190
      232
      180
      198
      210
      204
      198
      228
      196
      194
      198
      184
      214
      212
      202
      230
      238
      214
      192
      238
      214
      208
      212
      230
      212
      230
      254
      222
      242
      212
      216
      244
      228
      208
      212
      226
      244
      232
      218
      230
      240
      258
      226
      228
      208
      226
      240
      212
      214
      220
      214
      234
      246
      244
      228
      246
      212
      238
      192
      236
      200
      232
      260
      252
      198
      228
      232
      252
      234
      228
      260
      214
      222
      254
      206
      208
      214
      240
      226
      196
      234
      200
      230
      204
      222
      218
      196
      216
      224
      220
      188
      222
      230
      214
      212
      192
      192
      204
      216
      180
      206
      200
      208
      228
      210
      200
      210
      242
      200
      208
      208
      222
      208
      212
      228
      226
      214
      224
      226
      242
      234
      226
      226
      230
      228
      262
      254
      254
      256
      230
      254
      268
      238
      286
      262
      270
      260
      272
      312
      290
      306
      332
      296
      304
      294
      334
      324
      328
      346
      352
      330
      302
      332
      326
      360
      346
      352
      352
      348
      382
      420
      404
      434
      430
      480
      470
      520
      560
      532
      584
      626
      602
      638
      662
      676
      688
      716
      694
      666
      662
      688
      670
      654
      586
      610
      568
      560
      542
      518
      470
      470
      452
      434
      450
      384
      348
      362
      318
      342
      322
      374
      338
      312
      350
      344
      316
      362
      336
      314
      358
      360
      306
      346
      348
      350
      372
      420
      424
      418
      438
      418
      456
      446
      478
      504
      466
      512
      566
      606
      628
      680
      670
      748
      754
      864
      876
      982
     1006
     1018
     1184
     1266
     1376
     1444
     1594
     1692
     1740
     1764
     1910
     1988
     2084
     2004
     2070
     2112
     2106
     2132
     2032
     1952
     1888
     1822
     1816
     1660
     1636
     1562
     1562
     1408
     1336
     1222
     1182
     1100
     1076
     1006
      944
      934
      880
      880
      842
      802
      822
      788
      818
      762
      732
      766
      750
      714
      754
      648
      700
      688
      668
      696
      692
      668
      674
      614
      668
      622
      552
      592
      608
      604
      670
      628
      630
      608
      650
      626
      654
      654
      652
      690
      662
      642
      664
      694
      642
      680
      710
      650
      680
      694
      662
      706
      700
      704
      652
      684
      710
      676
      652
      684
      668
      672
      660
      640
      638
      698
      668
      692
      746
      782
      822
      794
      790
      846
      910
      870
      976
     1026
      998
     1130
     1182
     1226
     1244
     1432
     1444
     1644
     1688
     1752
     1860
     1988
     2068
     2082
     2114
     2082
     2030
     2080
     2138
     2018
     1992
     1928
     1816
     1802
     1806
     1694
     1640
     1594
     1564
     1456
     1428
     1444
     1380
     1400
     1396
     1328
     1372
     1316
     1398
     1360
     1460
     1498
     1482
     1608
     1680
     1750
     1858
     1996
     2134
     2246
     2364
     2616
     2666
     2896
     3086
     3248
     3370
     3610
     3618
     3882
     3960
     3990
     4084
     4110
     4106
     4136
     4066
     4008
     4086
     3980
     4062
     3846
     3920
     3752
     3886
     3756
     3786
     3654
     3764
     3510
     3598
     3578
     3610
     3626
     3510
     3500
     3368
     3482
     3434
     3254
     3310
     3180
     3032
     2842
     2746
     2516
     2486
     2308
     2196
     2050
     1948
     1834
     1674
     1672
     1516
     1366
     1236
     1228
     1134
     1052
     1010
     1020
      946
      892
      852
      878
      876
      796
      792
      760
      796
      714
      812
      736
      730
      776
      710
      686
      768
      742
      742
      734
      742
      750
      698
      768
      818
      752
      784
      724
      776
      728
      778
      754
      754
      764
      672
      706
      764
      750
      734
      692
      754
      752
      730
      728
      784
      806
      740
      836
      858
      862
      902
      904
      978
     1036
     1084
     1118
     1152
     1176
     1326
     1384
     1494
     1614
     1674
     1848
     1874
     2000
     2252
     2286
     2320
     2354
     2458
     2422
     2316
     2344
     2234
     2278
     2130
     1996
     1926
     1826
     1802
     1716
     1646
     1516
     1504
     1280
     1210
     1188
     1052
      988
      962
      872
      770
      796
      690
      708
      660
      674
      626
      590
      576
      582
      564
      558
      540
      544
      520
      516
      578
      500
      488
      514
      486
      500
      516
      476
      504
      524
      504
      468
      494
      494
      472
      492
      508
      486
      502
      522
      448
      480
      508
      526
      500
      526
      568
      576
      568
      572
      594
      626
      662
      672
      722
      758
      708
      744
      862
      886
      936
      952
      960
     1100
     1148
     1146
     1160
     1254
     1280
     1294
     1340
     1364
     1382
     1380
     1376
     1300
     1382
     1258
     1314
     1292
     1266
     1254
     1158
     1132
     1096
     1070
      922
      952
      840
      884
      832
      776
      782
      754
      672
      708
      614
      644
      606
      556
      554
      530
      560
      510
      518
      536
      498
      480
      458
      506
      526
      506
      530
      522
      500
      516
      496
      522
      514
      520
      556
      578
      582
      626
      610
      640
      634
      684
      692
      706
      774
      798
      768
      796
      824
      802
      936
      880
      890
      910
      912
      984
      910
      930
      966
      940
     1008
      986
      906
      978
      916
      856
      842
      940
      878
      864
      758
      788
      788
      788
      718
      766
      726
      708
      720
      638
      656
      662
      672
      616
      636
      626
      660
      650
      608
      650
      634
      652
      638
      640
      736
      704
      704
      736
      814
      828
      908
      960
      946
     1018
     1032
     1124
     1218
     1280
     1378
     1450
     1506
     1566
     1604
     1662
     1682
     1758
     1784
     1884
     1772
     1846
     1810
     1894
     1774
     1706
     1676
     1558
     1490
     1492
     1380
     1310
     1258
     1280
     1092
     1070
      990
      990
      934
      856
      808
      734
      708
      680
      628
      662
      578
      590
      556
      538
      536
      500
      456
      492
      444
      500
      448
      486
      404
      364
      422
      356
      412
      392
      392
      418
      344
      370
      386
      394
      378
      364
      348
      366
      356
      356
      322
      352
      330
      336
      354
      332
      322
      318
      326
      338
      308
      302
      334
      314
      334
      268
      350
      320
      316
      304
      300
      350
      328
      298
      342
      360
      362
      354
      332
      344
      358
      322
      372
      352
      348
      368
      406
      374
      404
      408
      406
      412
      426
      456
      452
      474
      504
      508
      560
      526
      566
      640
      686
      636
      710
      736
      810
      866
      902
      954
      966
     1076
     1204
     1204
     1348
     1322
     1516
     1694
     1722
     1704
     1722
     1736
     1900
     1790
     1816
     1740
     1786
     1830
     1692
     1670
     1578
     1544
     1498
     1430
     1410
     1376
     1292
     1180
     1112
     1056
     1038
      930
      884
      820
      792
      750
      680
      674
      652
      566
      618
      578
      554
      516
      504
      508
      460
      462
      472
      464
      440
      432
      456
      464
      486
      442
      428
      464
      448
      464
      488
      492
      478
      516
      538
      534
      560
      562
      612
      560
      620
      618
      668
      630
      664
      688
      716
      674
      692
      686
      730
      678
      644
      630
      650
      608
      598
      572
      592
      572
      486
      508
      516
      492
      468
      494
      444
      454
      426
      394
      414
      418
      430
      384
      398
      356
      414
      366
      366
      396
      370
      344
      358
      396
      404
      350
      390
      406
      414
      378
      376
      368
      386
      432
      406
      364
      376
      378
      370
      386
      384
      392
      414
      384
      388
      360
      424
      366
      370
      390
      406
      390
      364
      358
      392
      390
      364
      366
      372
      346
      388
      336
      378
      394
      388
      374
      366
      380
      360
      390
      386
      346
      406
      376
      380
      426
      380
      380
      426
      408
      412
      438
      434
      464
      470
      464
      436
      472
      518
      536
      542
      516
      598
      626
      638
      682
      668
      722
      726
      730
      806
      776
      818
      850
      904
      890
      916
      958
      930
      980
      950
     1024
      928
      978
      932
     1030
      962
      976
      946
      974
      958
      918
      898
      870
      850
      852
      816
      800
      828
      752
      812
      784
      770
      672
      716
      718
      680
      688
      650
      644
      624
      678
      624
      576
      572
      576
      538
      532
      552
      504
      572
      574
      518
      552
      542
      562
      496
      536
      540
      566
      530
      574
      610
      548
      568
      578
      572
      538
      548
      572
      600
      612
      616
      572
      566
      602
      584
      550
      578
      542
      592
      566
      548
      526
      566
      562
      566
      588
      534
      586
      544
      542
      528
      524
      552
      530
      518
      524
      550
      542
      536
      558
      542
      482
      514
      590
      562
      520
      584
      552
      560
      590
      586
      564
      580
      622
      634
      638
      672
      650
      648
      708
      676
      680
      674
      708
      720
      772
      770
      806
      816
      852
      810
      840
      890
      932
      948
      980
     1034
     1102
     1124
     1164
     1230
     1286
     1362
     1476
     1490
     1576
     1672
     1850
     1952
     2002
     2122
     2326
     2476
     2634
     2908
     3042
     3418
     3532
     3888
     4236
     4540
     4944
     5270
     5610
     6010
     6182
     6496
     7068
     7254
     7508
     7710
     8020
     8054
     8006
     7836
     7882
     7794
     7642
     7368
     7192
     6934
     6738
     6590
     6316
     6072
     5652
     5420
     5330
     4960
     4746
     4508
     4310
     4014
     3950
     3750
     3526
     3216
     3268
     3106
     2936
     2824
     2812
     2638
     2496
     2452
     2332
     2340
     2084
     2084
     1896
     1948
     1816
     1674
     1676
     1590
     1558
     1468
     1358
     1324
     1216
     1218
     1116
     1094
      992
      978
      968
      938
      878
      822
      808
      742
      714
      730
      718
      644
      678
      696
      646
      600
      588
      600
      574
      558
      578
      558
      562
      548
      528
      530
      476
      498
      484
      512
      500
      472
      530
      498
      462
      516
      534
      532
      492
      508
      520
      490
      546
      512
      538
      550
      570
      572
      632
      638
      582
      616
      666
      702
      722
      744
      736
      762
      768
      846
      844
      830
      864
      832
      850
      846
      824
      880
      824
      838
      796
      824
      820
      822
      760
      788
      734
      810
      758
      720
      758
      724
      740
      712
      786
      766
      790
      766
      782
      774
      778
      824
      804
      830
      854
      878
      842
      902
      918
      914
      880
      928
      920
      972
      914
      878
      872
      838
      800
      862
      812
      782
      866
      772
      784
      742
      748
      772
      684
      776
      694
      730
      736
      690
      720
      672
      708
      724
      728
      694
      710
      722
      720
      694
      706
      666
      686
      740
      730
      684
      664
      726
      728
      662
      704
      714
      652
      656
      674
      632
      608
      640
      580
      592
      602
      570
      566
      526
      564
      480
      534
      562
      472
      460
      460
      460
      426
      458
      428
      426
      378
      380
      408
      368
      372
      336
      372
      392
      366
      330
      366
      352
      356
      306
      286
      308
      298
      302
      318
      308
      310
      280
      298
      306
      310
      270
      270
      282
      252
      258
      264
      254
      268
      264
      246
      254
      238
      254
      248
      234
      246
      244
      248
      242
      258
      280
      258
      226
      258
      248
      244
      278
      268
      252
      258
      238
      252
      238
      220
      228
      236
      248
      246
      254
      228
      258
      266
      260
      260
      268
      292
      272
      266
      310
      292
      264
      312
      294
      280
      282
      286
      286
      292
      274
      296
      276
      260
      330
      298
      260
      286
      268
      302
      330
      326
      332
      318
      354
      344
      354
      348
      380
      392
      342
      428
      420
      458
      374
      470
      442
      490
      498
      498
      528
      526
      586
      530
      574
      626
      680
      646
      700
      720
      740
      734
      740
      772
      816
      782
      842
      840
      832
      872
      872
      914
      922
      924
      966
      912
      972
      962
      930
      998
      972
      910
      998
     1008
     1022
      998
      972
     1028
     1040
      980
     1026
      986
      960
      946
      974
     1006
      934
      934
      922
      860
      832
      854
      850
      824
      774
      754
      764
      732
      692
      782
      690
      718
      712
      630
      668
      610
      652
      644
      640
      638
      660
      670
      650
      692
      710
      696
      744
      756
      728
      774
      724
      774
      752
      788
      790
      814
      830
      772
      812
      846
      818
      804
      792
      772
      760
      804
      798
      726
      714
      740
      680
      696
      720
      720
      686
      668
      630
      662
      628
      630
      612
      594
      652
      594
      616
      600
      582
      608
      610
      656
      676
      644
      612
      664
      660
      690
      654
      676
      704
      696
      702
      740
      696
      668
      764
      748
      752
      720
      806
      752
      730
      726
      702
      702
      688
      680
      672
      714
      656
      728
      702
      648
      670
      668
      652
      644
      672
      672
      650
      644
      632
      648
      704
      690
      712
      632
      686
      770
      720
      796
      828
      798
      832
      838
      944
      924
      876
     1010
      998
      988
      966
     1016
     1002
      942
     1056
     1012
     1006
      960
      978
      962
      944
      968
      968
      916
      964
      890
      992
      882
      886
      830
      776
      826
      762
      818
      730
      730
      708
      728
      700
      688
      690
      610
      612
      608
      598
      588
      586
      564
      598
      614
      584
      574
      554
      530
      586
      540
      596
      592
      530
      560
      584
      638
      600
      618
      650
      660
      714
      712
      730
      808
      836
      786
      930
      962
      948
      976
     1040
     1142
     1118
     1176
     1210
     1268
     1244
     1318
     1302
     1340
     1316
     1396
     1330
     1340
     1304
     1316
     1340
     1328
     1302
     1272
     1278
     1230
     1200
     1190
     1108
     1100
     1024
     1024
      950
      944
      926
      888
      868
      850
      834
      774
      802
      776
      736
      748
      722
      674
      682
      688
      704
      664
      706
      676
      684
      634
      640
      696
      714
      712
      778
      714
      756
      834
      896
      878
      932
      986
     1024
     1046
     1078
     1210
     1216
     1306
     1412
     1418
     1466
     1550
     1636
     1640
     1618
     1712
     1684
     1650
     1594
     1702
     1574
     1572
     1520
     1526
     1490
     1432
     1328
     1312
     1334
     1326
     1260
     1194
     1184
     1084
     1058
      970
      958
      956
      836
      760
      790
      730
      730
      628
      624
      568
      582
      544
      542
      512
      554
      486
      510
      498
      494
      436
      438
      414
      430
      408
      438
      396
      388
      396
      358
      380
      404
      378
      328
      340
      332
      322
      350
      328
      328
      318
      288
      318
      328
      344
      340
      306
      314
      324
      294
      318
      288
      296
      316
      290
      300
      276
      284
      312
      282
      290
      298
      286
      278
      298
      274
      312
      266
      348
      292
      294
      280
      294
      308
      314
      298
      306
      292
      324
      346
      304
      284
      328
      322
      322
      324
      308
      338
      316
      342
      336
      354
      324
      328
      382
      354
      362
      366
      352
      400
      376
      390
      454
      454
      460
      458
      500
      516
      484
      502
      514
      560
      576
      530
      548
      622
      578
      622
      608
      660
      626
      682
      660
      702
      710
      754
      742
      778
      768
      822
      780
      778
      838
      834
      762
      800
      768
      780
      716
      746
      768
      752
      692
      724
      700
      692
      660
      658
      626
      610
      654
      672
      678
      606
      618
      612
      654
      634
      564
      596
      632
      564
      604
      616
      580
      576
      578
      568
      560
      616
      634
      598
      594
      600
      592
      636
      620
      564
      564
      562
      574
      544
      556
      568
      574
      552
      534
      498
      532
      534
      478
      472
      494
      508
      454
      458
      490
      496
      474
      464
      440
      436
      420
      450
      424
      414
      450
      432
      428
      434
      426
      460
      472
      462
      418
      442
      470
      488
      480
      468
      492
      528
      556
      534
      476
      550
      576
      552
      570
      558
      598
      584
      540
      594
      574
      536
      524
      538
      508
      496
      490
      530
      518
      482
      496
      478
      442
      442
      450
      436
      450
      394
      398
      360
      394
      378
      342
      384
      340
      380
      320
      336
      320
      324
      298
      316
      322
      306
      302
      292
      302
      326
      292
      298
      300
      300
      292
      292
      308
      284
      292
      278
      266
      278
      268
      282
      258
      250
      280
      282
      244
      258
      256
      280
      278
      260
      282
      274
      294
      282
      276
      282
      286
      300
      288
      252
      284
      296
      290
      308
      272
      300
      246
      272
      280
      272
      276
      298
      320
      266
      300
      284
      334
      302
      324
      286
      314
      314
      330
      316
      312
      342
      366
      346
      360
      322
      346
      354
      348
      326
      346
      356
      370
      370
      370
      354
      340
      372
      376
      404
      420
      406
      398
      414
      420
      444
      430
      438
      432
      448
      448
      490
      500
      502
      568
      536
      562
      584
      614
      618
      708
      664
      702
      686
      828
      818
      846
      864
      844
     1012
     1026
     1054
     1148
     1134
     1250
     1324
     1330
     1400
     1474
     1526
     1546
     1518
     1620
     1538
     1492
     1514
     1544
     1524
     1540
     1570
     1538
     1558
     1448
     1412
     1350
     1480
     1396
     1464
     1386
     1352
     1392
     1472
     1376
     1362
     1352
     1380
     1418
     1298
     1352
     1420
     1480
     1436
     1512
     1480
     1600
     1554
     1600
     1550
     1656
     1688
     1600
     1624
     1594
     1588
     1524
     1546
     1510
     1412
     1464
     1336
     1424
     1356
     1278
     1260
     1238
     1220
     1134
     1150
     1086
     1086
     1144
      976
      934
      950
      866
      864
      798
      842
      820
      804
      744
      752
      750
      778
      714
      692
      716
      704
      730
      678
      696
      722
      698
      720
      782
      752
      784
      828
      836
      832
      862
      874
      910
      866
      918
      962
     1076
     1012
     1076
     1124
     1110
     1190
     1304
     1288
     1338
     1308
     1428
     1454
     1552
     1554
     1608
     1732
     1728
     1802
     1864
     1918
     1952
     2030
     2038
     2110
     2252
     2202
     2230
     2250
     2382
     2522
     2450
     2592
     2624
     2726
     2712
     2846
     2832
     2832
     2972
     3106
     3084
     3026
     3020
     2990
     3012
     2954
     3080
     3028
     2914
     2776
     2882
     2898
     2792
     2734
     2670
     2668
     2500
     2416
     2386
     2338
     2230
     2138
     2048
     1946
     1858
     1806
     1800
     1660
     1528
     1520
     1400
     1360
     1316
     1192
     1258
     1086
     1098
     1016
     1006
      900
      846
      836
      816
      756
      744
      708
      708
      664
      590
      630
      600
      598
      586
      568
      558
      592
      542
      582
      542
      532
      534
      490
      514
      536
      480
      462
      480
      506
      536
      492
      460
      442
      498
      436
      462
      434
      474
      488
      446
      450
      476
      502
      474
      482
      508
      466
      456
      506
      452
      522
      472
      520
      482
      512
      496
      538
      512
      470
      550
      516
      488
      516
      534
      512
      498
      554
      536
      520
      560
      480
      568
      548
      522
      526
      566
      598
      602
      566
      542
      560
      528
      512
      566
      534
      528
      522
      530
      526
      516
      548
      518
      530
      506
      532
      516
      490
      482
      462
      500
      474
      452
      428
      436
      452
      490
      448
      434
      426
      428
      456
      422
      416
      424
      414
      406
      396
      386
      402
      428
      398
      412
      388
      386
      384
      376
      406
      392
      368
      430
      434
      348
      338
      378
      430
      388
      412
      394
      382
      424
      382
      410
      410
      394
      412
      400
      404
      384
      404
      370
      412
      386
      424
      394
      394
      382
      408
      362
      404
      382
      416
      392
      404
      412
      380
      406
      410
      364
      428
      384
      424
      388
      372
      414
      378
      414
      424
      404
      364
      422
      422
      422
      426
      462
      442
      458
      468
      468
      448
      454
      502
      490
      554
      530
      540
      546
      538
      554
      570
      562
      624
      564
      524
      574
      564
      586
      548
      570
      548
      598
      528
      578
      552
      592
      586
      516
      548
      546
      526
      572
      582
      542
      562
      570
      594
      534
      534
      536
      498
      550
      588
      540
      564
      616
      572
      514
      570
      574
      560
      506
      572
      570
      552
      602
      548
      532
      582
      580
      518
      574
      510
      538
      530
      520
      526
      512
      506
      492
      524
      482
      566
      504
      478
      510
      468
      468
      472
      420
      422
      462
      406
      472
      440
      458
      492
      450
      454
      426
      444
      476
      480
      450
      462
      468
      480
      478
      496
      460
      484
      490
      462
      514
      496
      510
      512
      518
      462
      494
      546
      486
      572
      550
      540
      528
      514
      540
      508
      512
      448
      532
      508
      514
      496
      480
      440
      496
      504
      468
      494
      452
      480
      494
      488
      470
      466
      518
      460
      470
      456
      448
      444
      436
      430
      436
      450
      396
      404
      426
      436
      386
      430
      368
      400
      382
      386
      380
      400
      358
      378
      356
      366
      310
      344
      384
      342
      348
      322
      332
      324
      320
      332
      340
      288
      288
      296
      324
      304
      316
      302
      304
      286
      288
      298
      304
      292
      266
      310
      296
      274
      298
      296
      272
      286
      274
      244
      260
      274
      282
      276
      282
      240
      250
      236
      222
      228
      244
      246
      240
      228
      238
      264
      242
      240
      204
      218
      226
      232
      210
      212
      206
      226
      224
      198
      228
      174
      198
      194
      212
      202
      198
      214
      188
      220
      212
      222
      232
      188
      198
      200
      204
      222
      204
      198
      228
      220
      206
      256
      222
      208
      254
      222
      230
      226
      236
      226
      244
      232
      214
      228
      242
      258
      260
      282
      264
      280
      268
      272
      322
      324
      296
      308
      290
      324
      340
      322
      374
      326
      326
      362
      394
      430
      418
      462
      448
      394
      432
      412
      470
      434
      442
      416
      426
      396
      438
      464
      448
      442
      392
      362
      452
      420
      374
      394
      396
      380
      304
      384
      376
      354
      364
      320
      298
      306
      302
      282
      284
      312
      268
      270
      280
      264
      268
      266
      234
      252
      228
      276
      226
      224
      226
      222
      254
      212
      232
      212
      220
      222
      232
      186
      224
      240
      232
      190
      226
      230
      244
      214
      220
      214
      224
      202
      220
      214
      226
      198
      204
      204
      200
      204
      208
      216
      196
      208
      212
      200
      200
      192
      162
      220
      176
      206
      178
      218
      198
      192
      180
      200
      172
      220
      192
      182
      200
      190
      206
      200
      210
      192
      186
      180
      212
      204
      192
      200
      182
      222
      224
      230
      216
      238
      214
      250
      248
      234
      258
      228
      240
      280
      248
      270
      260
      296
      270
      280
      278
      306
      292
      300
      326
      358
      338
      346
      364
      336
      368
      384
      386
      384
      396
      396
      414
      398
      360
      390
      428
      412
      416
      416
      382
      372
      420
      402
      398
      358
      380
      392
      384
      372
      350
      356
      378
      336
      392
      324
      336
      322
      320
      320
      330
      294
      342
      292
      312
      320
      288
      294
      286
      254
      286
      286
      282
      238
      252
      216
      268
      256
      236
      238
      248
      256
      232
      242
      270
      216
      248
      248
      274
      242
      228
      252
      232
      214
      244
      232
      236
      228
      238
      260
      228
      260
      210
      230
      228
      206
      258
      220
      220
      226
      240
      230
      226
      240
      262
      248
      230
      252
      256
      248
      242
      266
      264
      252
      252
      242
      256
      240
      242
      290
      244
      278
      268
      284
      272
      302
      302
      294
      316
      324
      306
      350
      322
      318
      368
      330
      318
      338
      364
      376
      412
      398
      388
      404
      412
      426
      424
      498
      434
      486
      452
      464
      482
      512
      496
      556
      540
      528
      528
      498
      492
      536
      540
      528
      610
      576
      626
      612
      610
      628
      612
      608
      626
      634
      642
      634
      646
      678
      662
      666
      650
      680
      646
      628
      686
      654
      630
      664
      636
      648
      642
      642
      604
      588
      610
      588
      520
      518
      550
      528
      504
      542
      522
      494
      490
      464
      458
      456
      414
      416
      450
      460
      416
      360
      380
      380
      364
      384
      352
      364
      324
      326
      336
      322
      330
      306
      322
      296
      318
      284
      284
      268
      306
      272
      274
      308
      256
      290
      284
      292
      260
      274
      282
      286
      274
      280
      292
      272
      274
      278
      244
      254
      258
      280
      294
      284
      302
      254
      280
      272
      264
      312
      280
      300
      302
      292
      334
      324
      302
      308
      346
      350
      318
      362
      338
      380
      322
      370
      390
      400
      426
      452
      458
      448
      470
      504
      438
      528
      516
      522
      558
      610
      642
      664
      642
      736
      700
      778
      802
      846
      864
      956
      972
     1028
      988
     1080
     1044
     1136
     1046
     1128
     1136
     1098
     1168
     1088
     1146
     1164
     1144
     1156
     1232
     1108
     1158
     1114
     1042
     1202
     1104
     1086
     1060
     1022
     1102
     1002
     1030
     1020
      948
      974
      920
      896
      868
      856
      834
      794
      796
      730
      726
      680
      654
      692
      642
      606
      654
      590
      606
      590
      538
      538
      548
      524
      510
      522
      512
      488
      496
      452
      448
      448
      458
      458
      412
      410
      402
      392
      378
      372
      342
      354
      352
      312
      382
      360
      362
      364
      312
      324
      354
      294
      302
      298
      304
      330
      284
      268
      294
      292
      320
      322
      266
      316
      282
      338
      292
      304
      314
      278
      278
      310
      272
      306
      302
      320
      320
      318
      314
      300
      322
      320
      300
      348
      342
      348
      394
      346
      382
      360
      382
      392
      418
      422
      418
      502
      434
      440
      504
      478
      466
      488
      520
      538
      514
      492
      502
      490
      512
      496
      494
      520
      492
      504
      492
      484
      406
      444
      432
      408
      480
      428
      394
      458
      380
      438
      408
      374
      386
      354
      388
      328
      362
      334
      318
      344
      346
      334
      288
      314
      294
      284
      272
      278
      276
      300
      240
      250
      260
      250
      218
      256
      252
      224
      228
      226
      232
      234
      220
      240
