



 10.000 0.0100 90.000
      316
      372
      344
      342
      354
      358
      348
      316
      346
      322
      358
      362
      310
      328
      352
      330
      330
      362
      338
      344
      320
      324
      366
      356
      328
      344
      342
      362
      300
      338
      296
      332
      310
      322
      334
      330
      292
      322
      316
      338
      344
      308
      320
      336
      340
      350
      326
      306
      332
      358
      302
      312
      318
      348
      316
      296
      330
      334
      304
      302
      314
      322
      322
      300
      322
      326
      336
      316
      312
      312
      298
      316
      342
      302
      296
      344
      308
      322
      328
      300
      340
      300
      326
      284
      300
      296
      304
      320
      296
      318
      284
      306
      298
      286
      324
      320
      300
      298
      290
      278
      298
      286
      312
      274
      300
      286
      268
      310
      284
      308
      320
      302
      286
      288
      280
      304
      294
      312
      308
      324
      294
      318
      270
      302
      302
      258
      290
      284
      314
      302
      290
      274
      294
      300
      288
      288
      264
      282
      286
      300
      316
      294
      282
      294
      264
      280
      304
      276
      298
      256
      316
      324
      300
      278
      308
      300
      278
      320
      302
      290
      298
      290
      286
      292
      270
      294
      304
      306
      286
      292
      314
      278
      284
      320
      290
      330
      296
      310
      302
      320
      316
      316
      320
      278
      318
      312
      334
      296
      302
      318
      314
      320
      328
      320
      322
      316
      326
      308
      354
      384
      362
      366
      398
      352
      410
      360
      368
      400
      436
      464
      394
      452
      476
      440
      474
      542
      504
      516
      556
      548
      598
      542
      510
      512
      498
      484
      532
      454
      504
      402
      380
      380
      328
      336
      298
      290
      306
      288
      288
      268
      272
      276
      274
      284
      292
      262
      260
      246
      286
      276
      212
      254
      270
      240
      232
      266
      290
      262
      248
      258
      236
      234
      254
      268
      266
      266
      250
      236
      246
      258
      258
      266
      266
      256
      244
      256
      282
      224
      242
      230
      268
      226
      240
      278
      226
      254
      234
      274
      214
      246
      208
      240
      260
      216
      230
      248
      244
      256
      232
      256
      240
      226
      232
      226
      244
      232
      224
      242
      248
      220
      244
      244
      230
      236
      216
      218
      236
      226
      220
      206
      220
      242
      252
      252
      244
      256
      220
      218
      230
      238
      222
      236
      236
      220
      240
      224
      238
      216
      240
      254
      214
      244
      224
      232
      224
      266
      226
      222
      242
      214
      214
      226
      212
      210
      214
      198
      236
      220
      226
      206
      230
      234
      218
      222
      224
      224
      238
      224
      252
      220
      222
      220
      206
      232
      236
      236
      208
      218
      234
      240
      238
      222
      216
      232
      248
      222
      210
      246
      216
      230
      180
      210
      220
      264
      192
      212
      206
      232
      226
      228
      210
      192
      236
      236
      226
      238
      208
      194
      202
      202
      200
      224
      222
      192
      212
      230
      216
      220
      214
      194
      246
      224
      202
      220
      234
      218
      206
      210
      228
      208
      208
      218
      230
      224
      208
      208
      224
      186
      212
      208
      250
      204
      242
      218
      194
      200
      224
      212
      248
      218
      234
      236
      212
      232
      242
      216
      208
      202
      216
      248
      236
      262
      226
      222
      240
      236
      250
      226
      244
      268
      260
      232
      262
      262
      262
      260
      276
      236
      336
      288
      296
      284
      286
      334
      310
      324
      326
      344
      320
      330
      360
      348
      362
      422
      380
      428
      444
      424
      454
      476
      540
      520
      548
      560
      580
      568
      638
      690
      730
      756
      848
      816
      824
      920
      988
     1024
     1070
     1180
     1164
     1172
     1276
     1170
     1210
     1232
     1180
     1136
     1016
      922
      840
      718
      648
      570
      516
      414
      396
      402
      364
      336
      288
      274
      290
      274
      280
      276
      298
      306
      244
      240
      294
      270
      244
      264
      252
      250
      242
      252
      238
      232
      222
      234
      218
      220
      238
      238
      230
      230
      208
      202
      228
      218
      228
      208
      200
      216
      232
      220
      230
      236
      192
      208
      232
      222
      220
      200
      212
      220
      200
      234
      212
      220
      214
      212
      234
      218
      236
      226
      198
      180
      216
      198
      216
      188
      206
      226
      206
      226
      224
      240
      228
      238
      232
      236
      220
      214
      270
      226
      252
      244
      258
      234
      242
      250
      242
      222
      256
      256
      266
      270
      258
      270
      272
      276
      268
      278
      234
      264
      230
      292
      234
      234
      262
      252
      238
      244
      220
      214
      270
      252
      220
      256
      228
      276
      226
      240
      212
      252
      250
      256
      238
      240
      306
      290
      284
      268
      260
      304
      304
      310
      318
      310
      330
      356
      390
      342
      372
      384
      430
      442
      428
      436
      480
      504
      548
      524
      602
      606
      614
      670
      742
      784
      794
      854
      972
     1052
     1184
     1158
     1198
     1338
     1488
     1604
     1724
     1720
     1852
     2024
     2058
     1992
     1920
     1954
     1724
     1604
     1478
     1360
     1216
     1094
     1004
      882
      786
      774
      762
      694
      712
      728
      682
      650
      672
      638
      638
      596
      630
      614
      612
      556
      496
      520
      540
      476
      446
      478
      474
      436
      432
      362
      386
      360
      366
      354
      342
      318
      350
      316
      350
      334
      306
      302
      350
      294
      294
      316
      344
      306
      336
      292
      298
      348
      350
      348
      360
      380
      334
      378
      422
      396
      418
      418
      482
      470
      524
      502
      530
      534
      588
      580
      562
      592
      632
      630
      654
      556
      554
      564
      502
      464
      466
      402
      366
      330
      298
      284
      276
      276
      252
      246
      208
      212
      218
      208
      222
      192
      224
      182
      212
      236
      218
      198
      198
      200
      188
      222
      232
      180
      168
      160
      184
      150
      178
      188
      184
      188
      180
      198
      180
      188
      192
      164
      170
      204
      188
      170
      200
      198
      212
      180
      196
      160
      180
      178
      174
      170
      204
      156
      176
      194
      178
      164
      194
      166
      182
      204
      176
      172
      188
      172
      192
      172
      202
      172
      176
      182
      180
      180
      192
      184
      194
      206
      190
      170
      180
      168
      178
      172
      168
      170
      192
      176
      168
      180
      220
      216
      192
      200
      174
      206
      196
      210
      196
      196
      208
      202
      206
      206
      206
      204
      212
      242
      232
      216
      240
      218
      226
      238
      256
      244
      290
      282
      258
      296
      320
      304
      342
      342
      356
      348
      386
      384
      446
      440
      434
      452
      472
      528
      536
      544
      540
      682
      682
      764
      802
      856
      886
      924
     1026
     1070
     1208
     1310
     1558
     1576
     1674
     1860
     2080
     2166
     2362
     2474
     2510
     2758
     2666
     2640
     2572
     2564
     2366
     2178
     1972
     1778
     1554
     1312
     1280
     1020
      934
      810
      738
      672
      698
      628
      600
      606
      670
      644
      668
      698
      692
      726
      726
      780
      830
      842
      938
      956
     1034
     1140
     1186
     1248
     1388
     1370
     1550
     1664
     1758
     1894
     1926
     1948
     2068
     2040
     1962
     2030
     1920
     1800
     1690
     1548
     1374
     1298
     1060
      904
      810
      740
      628
      542
      486
      456
      442
      396
      332
      368
      314
      324
      300
      318
      308
      320
      310
      306
      286
      266
      332
      310
      308
      266
      242
      262
      242
      256
      252
      230
      226
      212
      234
      220
      216
      212
      214
      252
      200
      210
      228
      208
      204
      184
      218
      184
      196
      210
      166
      182
      196
      204
      210
      216
      226
      224
      188
      198
      204
      218
      220
      220
      244
      202
      236
      236
      240
      230
      240
      230
      234
      248
      252
      284
      278
      272
      258
      302
      272
      340
      322
      294
      308
      350
      390
      418
      386
      412
      432
      470
      490
      496
      554
      588
      632
      658
      640
      770
      782
      822
      894
     1002
     1056
     1098
     1160
     1186
     1240
     1268
     1372
     1394
     1442
     1494
     1428
     1418
     1442
     1440
     1378
     1322
     1310
     1182
     1196
     1026
      960
      928
      818
      756
      694
      602
      560
      524
      474
      428
      428
      356
      380
      346
      326
      304
      278
      288
      264
      236
      260
      250
      242
      254
      224
      202
      220
      224
      222
      204
      210
      212
      188
      180
      192
      210
      216
      192
      174
      180
      182
      172
      176
      176
      190
      182
      188
      166
      202
      190
      186
      180
      152
      178
      198
      150
      160
      180
      174
      216
      174
      182
      186
      176
      188
      164
      180
      172
      150
      186
      188
      172
      166
      182
      154
      188
      176
      194
      184
      200
      190
      170
      166
      182
      194
      180
      192
      188
      202
      174
      206
      176
      162
      184
      178
      190
      228
      206
      214
      194
      208
      214
      220
      222
      216
      242
      222
      234
      224
      246
      274
      250
      300
      288
      300
      304
      312
      338
      316
      348
      370
      428
      394
      424
      404
      466
      502
      568
      538
      570
      638
      734
      730
      756
      868
      884
      950
     1064
     1120
     1278
     1392
     1552
     1670
     1826
     1954
     2176
     2408
     2580
     2820
     2996
     3234
     3400
     3506
     3560
     3580
     3618
     3414
     3294
     3186
     2832
     2662
     2294
     2094
     1870
     1648
     1450
     1248
     1044
      938
      826
      736
      656
      582
      564
      528
      512
      422
      442
      434
      374
      412
      370
      368
      356
      362
      338
      336
      326
      304
      296
      298
      288
      298
      260
      248
      294
      254
      238
      226
      234
      228
      236
      208
      236
      204
      230
      222
      228
      212
      190
      230
      194
      188
      188
      202
      190
      200
      186
      184
      190
      218
      212
      192
      198
      182
      176
      190
      192
      184
      198
      182
      214
      146
      190
      190
      148
      182
      178
      202
      184
      172
      174
      188
      192
      184
      228
      200
      190
      216
      196
      190
      174
      184
      166
      184
      194
      210
      196
      210
      174
      196
      194
      188
      186
      176
      172
      180
      206
      210
      184
      194
      220
      204
      222
      190
      214
      204
      198
      184
      194
      210
      218
      224
      216
      214
      190
      226
      238
      220
      258
      238
      274
      280
      262
      306
      304
      314
      298
      344
      368
      330
      374
      412
      426
      436
      516
      504
      538
      598
      602
      636
      614
      656
      748
      774
      816
      876
      848
      846
      884
      934
      910
      992
      996
      960
      938
      976
      972
      894
      914
      850
      840
      808
      808
      734
      788
      698
      710
      692
      674
      692
      634
      634
      590
      574
      624
      630
      570
      522
      516
      506
      544
      502
      472
      414
      414
      380
      388
      348
      384
      314
      342
      338
      326
      320
      326
      306
      314
      352
      322
      330
      336
      334
      356
      340
      360
      354
      366
      352
      384
      412
      410
      386
      426
      366
      412
      460
      496
      500
      522
      508
      584
      570
      616
      678
      700
      706
      786
      878
      928
      940
      952
      880
     1002
     1002
     1020
      992
      966
      932
      988
      930
      836
      858
      862
      886
      860
      820
      910
      820
      924
      930
      920
     1046
      940
     1064
     1024
     1122
     1082
     1030
     1008
     1010
      962
      894
      824
      776
      738
      676
      636
      600
      502
      490
      458
      430
      414
      352
      346
      326
      352
      314
      304
      288
      264
      278
      276
      254
      250
      258
      246
      242
      244
      248
      222
      228
      252
      230
      228
      228
      220
      224
      208
      228
      206
      226
      188
      212
      196
      194
      230
      232
      220
      188
      228
      200
      214
      198
      204
      220
      256
      218
      212
      204
      194
      208
      196
      218
      226
      222
      218
      222
      252
      218
      250
      244
      262
      214
      250
      276
      242
      224
      250
      246
      218
      264
      244
      264
      260
      264
      254
      246
      276
      256
      236
      260
      284
      270
      282
      272
      286
      262
      252
      264
      284
      292
      256
      250
      280
      272
      274
      274
      272
      242
      258
      274
      240
      266
      224
      272
      238
      204
      224
      198
      180
      204
      216
      216
      232
      222
      232
      248
      220
      204
      216
      186
      210
      186
      218
      186
      212
      192
      238
      202
      224
      222
      208
      218
      224
      210
      228
      208
      262
      232
      252
      262
      254
      254
      276
      270
      282
      276
      308
      340
      344
      350
      362
      380
      364
      392
      422
      434
      460
      504
      498
      508
      556
      618
      600
      684
      684
      696
      776
      770
      790
      796
      844
      898
      852
      896
      892
      914
      850
      906
      902
      856
      794
      798
      762
      730
      706
      688
      698
      636
      606
      592
      544
      500
      508
      488
      450
      420
      434
      398
      388
      372
      334
      390
      298
      300
      326
      284
      286
      260
      274
      270
      284
      222
      198
      254
      248
      248
      224
      234
      222
      232
      224
      260
      234
      232
      234
      216
      198
      202
      202
      234
      198
      204
      234
      194
      202
      178
      200
      174
      188
      202
      162
      200
      186
      194
      196
      216
      192
      192
      212
      200
      224
      178
      198
      182
      184
      202
      192
      218
      224
      234
      218
      216
      260
      216
      236
      214
      220
      216
      238
      224
      250
      244
      248
      228
      214
      212
      226
      240
      226
      260
      248
      234
      238
      266
      254
      272
      286
      276
      270
      274
      318
      328
      310
      358
      350
      352
      348
      350
      354
      342
      328
      322
      306
      318
      308
      304
      286
      272
      274
      246
      250
      240
      248
      220
      220
      234
      212
      228
      228
      222
      224
      206
      218
      210
      188
      216
      222
      208
      204
      202
      202
      204
      210
      234
      232
      228
      260
      222
      216
      194
      236
      216
      244
      218
      240
      246
      256
      232
      222
      240
      268
      262
      224
      246
      280
      266
      288
      282
      270
      274
      284
      282
      266
      316
      340
      324
      316
      308
      352
      350
      398
      354
      348
      410
      414
      426
      444
      410
      472
      524
      514
      510
      584
      600
      618
      690
      690
      762
      760
      792
      874
      878
      910
      998
     1050
     1028
     1016
      980
      970
      914
      936
      854
      828
      712
      770
      648
      678
      630
      588
      614
      546
      582
      510
      512
      500
      448
      476
      516
      484
      500
      502
      510
      522
      554
      620
      622
      706
      666
      738
      798
      804
      952
      956
      948
     1036
     1128
     1074
     1246
     1294
     1338
     1420
     1464
     1514
     1618
     1514
     1594
     1562
     1630
     1602
     1640
     1680
     1560
     1642
     1562
     1522
     1482
     1498
     1418
     1480
     1356
     1380
     1404
     1266
     1384
     1344
     1314
     1346
     1372
     1374
     1358
     1480
     1498
     1506
     1624
     1636
     1656
     1790
     1888
     1896
     2038
     2226
     2412
     2412
     2644
     2906
     3148
     3208
     3566
     3690
     3820
     4064
     4426
     4624
     4784
     4894
     4966
     5122
     5134
     4834
     4604
     4538
     4284
     4218
     3676
     3402
     3142
     2900
     2654
     2400
     2114
     1944
     1720
     1510
     1376
     1264
     1106
      994
     1010
      820
      796
      810
      726
      700
      628
      654
      572
      558
      518
      500
      504
      516
      448
      454
      412
      422
      400
      354
      394
      370
      356
      324
      352
      322
      352
      280
      288
      304
      286
      288
      294
      264
      264
      276
      264
      280
      250
      274
      270
      264
      248
      226
      272
      248
      246
      266
      252
      236
      234
      246
      256
      262
      244
      248
      252
      274
      296
      248
      274
      258
      270
      256
      272
      300
      318
      292
      306
      302
      348
      334
      290
      350
      340
      368
      370
      372
      392
      380
      378
      440
      460
      422
      490
      460
      516
      600
      636
      618
      646
      732
      796
      810
      866
      976
      994
     1114
     1230
     1316
     1404
     1538
     1594
     1702
     1746
     1890
     1900
     1972
     1880
     1856
     1754
     1810
     1654
     1636
     1550
     1572
     1354
     1262
     1170
     1146
     1078
      992
      936
      914
      832
      834
      830
      802
      780
      806
      830
      788
      830
      876
     1004
      956
      992
     1064
     1148
     1216
     1244
     1356
     1494
     1592
     1774
     1906
     2008
     2186
     2488
     2686
     2940
     3162
     3376
     3744
     4124
     4416
     4650
     5118
     5454
     5638
     5806
     6114
     6280
     6364
     6380
     6302
     6206
     5992
     5874
     5468
     5204
     5072
     4652
     4178
     3948
     3608
     3506
     3112
     2768
     2554
     2310
     2030
     1914
     1700
     1564
     1448
     1288
     1208
     1128
     1032
     1034
     1044
      944
      876
      906
      848
      828
      814
      758
      758
      826
      820
      784
      868
      876
      906
      934
      990
     1016
     1092
     1068
     1128
     1120
     1270
     1224
     1338
     1364
     1342
     1344
     1316
     1358
     1178
     1198
     1118
     1042
     1054
      964
      926
      810
      754
      676
      658
      616
      548
      490
      486
      428
      378
      376
      372
      330
      328
      352
      312
      288
      310
      282
      288
      330
      272
      262
      248
      264
      244
      244
      228
      258
      234
      234
      238
      220
      204
      214
      226
      220
      212
      200
      242
      198
      196
      196
      186
      198
      206
      194
      186
      184
      196
      208
      202
      218
      206
      210
      202
      216
      186
      190
      200
      178
      190
      190
      202
      206
      180
      194
      198
      190
      192
      188
      178
      202
      208
      210
      206
      190
      206
      210
      206
      220
      196
      198
      214
      216
      228
      208
      210
      216
      202
      250
      222
      220
      234
      208
      196
      238
      246
      236
      216
      222
      224
      236
      232
      248
      246
      228
      250
      238
      252
      264
      292
      288
      278
      288
      320
      356
      328
      356
      424
      392
      436
      442
      480
      510
      482
      552
      558
      554
      536
      530
      532
      450
      488
      500
      472
      442
      426
      430
      422
      400
      354
      320
      348
      314
      326
      326
      288
      298
      298
      284
      286
      284
      288
      280
      296
      282
      298
      270
      302
      322
      270
      292
      250
      294
      310
      320
      298
      332
      304
      316
      360
      326
      342
      358
      352
      404
      416
      428
      468
      442
      446
      496
      456
      526
      526
      508
      580
      514
      496
      518
      462
      456
      518
      440
      434
      422
      388
      372
      346
      322
      314
      316
      290
      296
      276
      266
      250
      258
      266
      252
      252
      264
      236
      224
      242
      240
      220
      218
      232
      230
      212
      226
      228
      226
      220
      258
      234
      242
      232
      216
      230
      234
      208
      242
      232
      246
      230
      232
      242
      236
      242
      216
      256
      218
      256
      262
      218
      238
      252
      230
      240
      258
      250
      264
      258
      264
      262
      240
      290
      278
      294
      266
      268
      306
      292
      290
      318
      304
      302
      342
      328
      346
      372
      378
      356
      362
      368
      434
      442
      452
      476
      484
      526
      572
      604
      630
      624
      718
      750
      782
      808
      822
      800
      838
      876
      808
      854
      836
      854
      790
      778
      744
      700
      694
      638
      618
      592
      568
      468
      514
      480
      448
      398
      428
      372
      354
      362
      366
      340
      336
      320
      342
      304
      312
      332
      294
      338
      308
      348
      308
      324
      298
      352
      324
      350
      378
      334
      346
      378
      388
      406
      394
      436
      426
      442
      446
      480
      504
      514
      552
      596
      678
      702
      746
      776
      864
      924
      960
     1014
     1030
     1190
     1250
     1326
     1430
     1538
     1518
     1634
     1692
     1678
     1648
     1664
     1618
     1644
     1520
     1492
     1402
     1264
     1332
     1246
     1218
     1120
     1086
      960
      990
      940
      952
      834
      850
      812
      812
      746
      762
      714
      700
      678
      692
      690
      674
      650
      658
      648
      656
      640
      620
      622
      602
      642
      582
      544
      554
      584
      514
      544
      538
      552
      508
      526
      488
      518
      464
      470
      450
      438
      448
      458
      446
      420
      400
      408
      426
      418
      412
      416
      400
      446
      440
      436
      462
      448
      450
      432
      470
      506
      468
      492
      504
      498
      552
      512
      544
      548
      574
      544
      566
      622
      586
      600
      638
      600
      698
      638
      692
      698
      736
      784
      780
      778
      940
      956
      932
     1090
     1136
     1180
     1276
     1306
     1344
     1470
     1482
     1540
     1642
     1652
     1592
     1674
     1620
     1576
     1602
     1516
     1538
     1448
     1324
     1266
     1272
     1218
     1230
     1230
     1180
     1124
     1178
     1076
     1078
     1042
     1102
     1050
     1088
     1104
     1196
     1194
     1256
     1332
     1322
     1336
     1454
     1548
     1624
     1804
     1924
     2038
     2158
     2358
     2406
     2674
     2848
     2958
     3154
     3312
     3384
     3452
     3456
     3770
     3734
     3790
     3874
     3928
     3952
     4020
     4098
     4226
     4336
     4304
     4342
     4448
     4628
     4744
     4776
     4750
     4830
     4788
     4840
     4906
     4906
     4778
     4644
     4472
     4420
     4248
     3978
     4094
     3834
     3554
     3502
     3188
     3012
     2744
     2614
     2434
     2202
     2078
     1964
     1864
     1760
     1514
     1530
     1324
     1292
     1202
     1204
     1138
     1070
     1022
      972
      972
      960
      946
      902
      942
      850
      886
      858
      900
      814
      850
      878
      756
      804
      886
      806
      754
      836
      814
      824
      810
      772
      818
      768
      800
      818
      742
      780
      826
      796
      846
      852
      896
      862
      848
      850
      862
      914
      958
      938
      968
      986
     1020
      992
      916
     1046
     1028
     1074
     1062
     1062
     1052
     1092
     1152
     1172
     1156
     1236
     1232
     1356
     1394
     1468
     1576
     1644
     1746
     1820
     1886
     1876
     1960
     2026
     2030
     2010
     1940
     1926
     1886
     1752
     1732
     1674
     1620
     1528
     1434
     1424
     1276
     1274
     1214
     1060
      992
      926
      932
      812
      710
      684
      638
      604
      590
      618
      562
      584
      536
      532
      528
      538
      486
      536
      508
      466
      520
      498
      494
      492
      510
      546
      536
      570
      556
      560
      586
      584
      554
      664
      632
      616
      612
      630
      674
      660
      646
      674
      622
      650
      694
      644
      680
      662
      666
      686
      632
      714
      692
      722
      738
      732
      792
      754
      828
      856
      886
      890
     1008
      984
     1080
     1132
     1156
     1198
     1288
     1384
     1400
     1458
     1518
     1470
     1568
     1546
     1592
     1592
     1532
     1600
     1520
     1482
     1418
     1362
     1322
     1278
     1196
     1190
     1082
     1110
      976
      926
      838
      874
      828
      766
      730
      708
      668
      626
      540
      522
      556
      518
      534
      514
      510
      484
      512
      492
      502
      494
      502
      512
      530
      528
      516
      542
      530
      582
      580
      562
      564
      628
      612
      648
      654
      678
      770
      734
      766
      808
      816
      870
      900
      934
     1006
     1016
     1046
     1060
     1108
     1138
     1136
     1106
     1184
     1242
     1312
     1268
     1278
     1310
     1248
     1268
     1204
     1224
     1282
     1282
     1272
     1368
     1294
     1258
     1288
     1310
     1322
     1384
     1322
     1500
     1432
     1420
     1384
     1478
     1440
     1400
     1466
     1478
     1420
     1462
     1350
     1350
     1238
     1260
     1202
     1180
     1188
     1158
     1170
     1136
     1144
     1054
     1132
     1136
     1126
     1132
     1174
     1168
     1198
     1194
     1256
     1318
     1430
     1384
     1446
     1450
     1486
     1496
     1558
     1564
     1474
     1450
     1504
     1526
     1488
     1384
     1346
     1258
     1216
     1176
     1142
     1016
      980
     1008
      914
      830
      804
      734
      690
      670
      596
      618
      550
      500
      510
      492
      460
      430
      416
      438
      394
      426
      394
      400
      390
      364
      372
      358
      354
      340
      376
      332
      304
      294
      332
      320
      334
      310
      296
      302
      300
      316
      338
      304
      292
      302
      308
      296
      308
      298
      302
      290
      304
      316
      290
      310
      304
      292
      254
      306
      306
      260
      290
      290
      310
      294
      296
      280
      320
      338
      292
      292
      264
      320
      292
      312
      328
      322
      306
      306
      310
      344
      312
      326
      340
      352
      350
      372
      368
      384
      398
      402
      406
      460
      470
      464
      514
      516
      534
      558
      648
      644
      638
      774
      782
      842
      864
      924
     1036
     1106
     1136
     1180
     1352
     1354
     1390
     1430
     1628
     1520
     1652
     1616
     1600
     1694
     1632
     1748
     1602
     1598
     1580
     1586
     1488
     1470
     1398
     1264
     1260
     1268
     1140
     1114
     1016
      988
      904
      870
      794
      786
      768
      680
      632
      624
      586
      542
      534
      494
      470
      444
      488
      504
      472
      396
      376
      424
      378
      442
      440
      422
      402
      390
      402
      372
      420
      404
      428
      486
      470
      446
      462
      514
      530
      544
      518
      530
      536
      580
      548
      594
      594
      556
      586
      578
      588
      506
      512
      520
      534
      470
      492
      502
      448
      480
      436
      448
      414
      392
      418
      444
      398
      358
      384
      350
      388
      348
      322
      348
      314
      324
      286
      334
      316
      318
      342
      310
      350
      326
      346
      338
      330
      360
      346
      334
      376
      340
      380
      356
      370
      360
      342
      364
      350
      366
      390
      336
      382
      342
      358
      348
      374
      348
      380
      364
      318
      340
      350
      340
      400
      306
      318
      344
      354
      330
      352
      338
      350
      354
      334
      366
      362
      322
      412
      394
      428
      382
      444
      428
      446
      448
      450
      452
      496
      444
      492
      484
      514
      508
      534
      574
      560
      570
      654
      686
      652
      716
      776
      760
      784
      864
      894
      886
      892
      964
     1006
     1064
     1118
     1132
     1154
     1238
     1218
     1274
     1268
     1324
     1352
     1390
     1420
     1422
     1376
     1480
     1582
     1520
     1676
     1672
     1730
     1772
     1754
     1796
     1834
     1904
     1828
     1872
     1948
     1988
     1906
     1876
     1794
     1750
     1790
     1746
     1772
     1688
     1562
     1538
     1516
     1598
     1586
     1554
     1496
     1460
     1458
     1400
     1338
     1334
     1268
     1202
     1212
     1122
     1080
     1076
     1000
      956
      942
      888
      886
      838
      782
      752
      780
      716
      750
      740
      716
      660
      664
      624
      624
      592
      610
      590
      578
      566
      608
      570
      566
      590
      548
      564
      572
      560
      562
      568
      570
      630
      566
      576
      562
      602
      598
      646
      564
      568
      570
      522
      528
      530
      514
      532
      542
      576
      544
      518
      488
      514
      512
      514
      542
      498
      566
      568
      490
      534
      498
      502
      534
      566
      532
      536
      574
      570
      636
      612
      660
      608
      660
      618
      714
      688
      694
      708
      770
      786
      820
      818
      886
      930
      932
      980
     1030
     1108
     1142
     1230
     1402
     1376
     1510
     1560
     1662
     1840
     1962
     1980
     2260
     2400
     2616
     2716
     3102
     3302
     3532
     3952
     4168
     4310
     4728
     5006
     5200
     5466
     5616
     5998
     6088
     6196
     6358
     6364
     6224
     5904
     5848
     5674
     5568
     5302
     5154
     5036
     4630
     4498
     4218
     3978
     3938
     3664
     3328
     3066
     2958
     2604
     2412
     2204
     2056
     1936
     1750
     1616
     1490
     1398
     1298
     1182
     1200
     1040
     1006
      982
      846
      820
      830
      772
      776
      720
      676
      670
      638
      584
      598
      530
      538
      570
      530
      510
      468
      472
      472
      472
      442
      438
      426
      418
      448
      444
      418
      402
      394
      380
      414
      350
      380
      388
      356
      370
      386
      362
      408
      342
      384
      382
      358
      336
      366
      376
      378
      350
      332
      382
      382
      354
      332
      346
      342
      344
      364
      372
      370
      386
      388
      388
      386
      434
      380
      462
      476
      448
      500
      488
      488
      504
      534
      562
      548
      624
      612
      584
      630
      638
      630
      676
      660
      594
      648
      636
      572
      588
      590
      586
      598
      554
      532
      524
      550
      564
      520
      528
      532
      546
      556
      544
      546
      530
      562
      510
      544
      578
      544
      594
      658
      670
      688
      720
      728
      668
      692
      716
      746
      670
      668
      718
      704
      674
      662
      644
      714
      640
      648
      674
      688
      626
      626
      678
      650
      670
      618
      638
      676
      688
      702
      666
      706
      704
      726
      684
      704
      810
      772
      822
      846
      776
      748
      806
      876
      830
      838
      814
      836
      766
      796
      814
      872
      784
      790
      788
      780
      776
      698
      712
      710
      720
      654
      680
      700
      732
      644
      622
      654
      638
      530
      538
      540
      562
      548
      522
      504
      464
      494
      482
      426
      426
      460
      398
      416
      382
      408
      380
      374
      368
      344
      368
      336
      352
      334
      322
      282
      316
      328
      330
      276
      276
      282
      300
      260
      292
      278
      276
      272
      266
      266
      242
      254
      270
      266
      272
      244
      258
      236
      248
      238
      228
      226
      240
      254
      252
      240
      254
      246
      238
      246
      254
      228
      260
      242
      222
      260
      240
      240
      246
      276
      260
      264
      246
      268
      240
      242
      268
      254
      270
      274
      236
      246
      276
      274
      270
      260
      292
      278
      266
      272
      268
      276
      276
      264
      288
      270
      292
      292
      298
      318
      282
      322
      294
      282
      304
      306
      340
      328
      320
      350
      338
      356
      362
      374
      424
      398
      426
      406
      418
      448
      484
      488
      452
      480
      518
      548
      580
      630
      568
      620
      606
      698
      704
      678
      732
      794
      726
      814
      878
      858
      846
      920
      868
      896
      930
      902
      936
      960
     1004
      978
     1046
      934
     1030
      978
     1056
     1080
      976
     1004
     1006
     1032
      946
      974
      952
      992
      928
      954
      938
      976
      972
      902
      894
      916
      904
      966
      934
      942
      960
     1002
      988
     1028
     1058
      968
     1010
     1128
     1104
     1246
     1232
     1284
     1344
     1372
     1406
     1492
     1538
     1568
     1590
     1620
     1728
     1698
     1720
     1760
     1754
     1748
     1762
     1680
     1640
     1632
     1604
     1578
     1552
     1502
     1436
     1436
     1410
     1358
     1292
     1322
     1178
     1138
     1028
     1076
      982
      974
      912
      856
      824
      810
      838
      772
      740
      694
      690
      672
      640
      688
      626
      580
      598
      608
      614
      590
      632
      572
      620
      630
      612
      628
      628
      638
      650
      654
      676
      610
      676
      662
      684
      664
      674
      666
      636
      652
      662
      660
      634
      646
      660
      600
      652
      620
      636
      660
      650
      620
      622
      614
      638
      604
      634
      578
      644
      648
      648
      646
      640
      662
      642
      704
      684
      716
      740
      774
      816
      780
      848
      880
      908
      998
      936
     1062
     1058
     1058
     1130
     1044
     1162
     1096
     1154
     1174
     1186
     1218
     1208
     1182
     1304
     1258
     1312
     1358
     1444
     1462
     1444
     1522
     1520
     1596
     1614
     1620
     1690
     1636
     1622
     1514
     1448
     1416
     1284
     1314
     1254
     1242
     1194
     1196
     1154
     1124
     1086
     1044
     1052
      992
      952
      928
      876
      896
      784
      802
      768
      736
      760
      714
      750
      702
      770
      750
      690
      766
      768
      816
      834
      902
      892
      910
      962
      980
     1060
     1068
     1054
     1102
     1106
     1126
     1160
     1164
     1192
     1204
     1214
     1188
     1266
     1318
     1240
     1282
     1204
     1224
     1194
     1208
     1258
     1182
     1202
     1140
     1130
     1180
     1078
     1040
     1072
     1024
      962
      916
      858
      856
      876
      830
      800
      758
      774
      716
      744
      708
      662
      646
      672
      682
      658
      610
      620
      642
      638
      556
      578
      614
      638
      626
      670
      704
      680
      702
      764
      778
      794
      796
      908
      978
      978
     1076
     1046
     1238
     1176
     1204
     1264
     1316
     1376
     1412
     1312
     1410
     1382
     1424
     1360
     1304
     1264
     1238
     1236
     1170
     1148
     1086
     1078
     1052
     1002
      982
     1004
      874
      842
      914
      840
      800
      728
      682
      632
      634
      638
      614
      602
      540
      570
      528
      510
      526
      454
      482
      460
      410
      410
      464
      460
      462
      462
      432
      408
      418
      394
      454
      420
      410
      416
      404
      414
      416
      428
      396
      386
      434
      396
      456
      418
      364
      396
      380
      404
      368
      400
      384
      390
      376
      354
      316
      396
      390
      388
      384
      350
      362
      350
      342
      340
      328
      358
      364
      366
      408
      344
      376
      386
      376
      380
      364
      390
      400
      406
      374
      444
      420
      406
      446
      470
      470
      456
      482
      482
      470
      520
      504
      484
      496
      482
      512
      460
      512
      536
      544
      540
      488
      550
      600
      570
      558
      640
      608
      612
      626
      680
      708
      644
      668
      702
      732
      774
      834
      800
      764
      790
      744
      746
      770
      822
      760
      754
      774
      854
      784
      880
      814
      854
      834
      820
      812
      830
      796
      804
      782
      756
      700
      722
      728
      728
      692
      682
      674
      642
      652
      682
      606
      680
      596
      628
      616
      644
      618
      588
      574
      604
      634
      626
      650
      614
      670
      622
      614
      626
      682
      626
      712
      642
      688
      692
      732
      714
      700
      710
      732
      752
      708
      728
      686
      718
      760
      688
      702
      670
      698
      672
      652
      670
      660
      598
      644
      662
      608
      600
      572
      578
      632
      580
      588
      578
      568
      588
      558
      496
      536
      482
      510
      500
      452
      468
      422
      430
      432
      424
      402
      418
      368
      410
      398
      406
      382
      360
      296
      376
      346
      354
      324
      294
      276
      274
      310
      302
      300
      280
      300
      274
      296
      264
      264
      304
      256
      276
      254
      262
      250
      272
      274
      240
      284
      292
      268
      212
      254
      242
      256
      256
      266
      256
      260
      274
      242
      270
      256
      250
      252
      266
      236
      286
      270
      238
      262
      256
      254
      258
      246
      286
      278
      240
      264
      278
      274
      250
      252
      248
      256
      262
      248
      264
      260
      252
      270
      256
      248
      256
      264
      278
      234
      304
      276
      282
      276
      256
      292
      272
      286
      252
      300
      270
      298
      316
      306
      298
      272
      304
      324
      322
      306
      318
      354
      340
      366
      354
      368
      328
      368
      362
      412
      380
      360
      452
      420
      462
      454
      482
      502
      490
      528
      510
      518
      524
      552
      534
      590
      544
      548
      536
      540
      524
      540
      552
      494
      524
      546
      494
      484
      512
      532
      546
      538
      560
      562
      518
      510
      544
      528
      532
      540
      560
      606
      582
      598
      628
      682
      682
      736
      798
      824
      884
      960
      996
     1028
     1088
     1206
     1260
     1402
     1342
     1456
     1454
     1552
     1572
     1550
     1558
     1542
     1530
     1468
     1442
     1482
     1426
     1436
     1384
     1324
     1366
     1338
     1384
     1260
     1290
     1274
     1322
     1292
     1210
     1204
     1216
     1242
     1140
     1128
     1164
     1140
     1156
     1238
     1220
     1200
     1206
     1234
     1272
     1256
     1276
     1388
     1352
     1368
     1282
     1368
     1310
     1338
     1222
     1206
     1128
     1122
     1136
     1062
     1066
      992
      984
      990
      966
      970
      942
      880
      846
      856
      748
      738
      718
      708
      680
      698
      620
      588
      630
      590
      554
      590
      548
      548
      568
      554
      604
      556
      610
      574
      540
      544
      610
      606
      622
      602
      574
      604
      648
      720
      696
      700
      756
      756
      758
      822
      846
      846
      882
      884
     1000
      970
     1064
     1050
     1112
     1116
     1172
     1268
     1272
     1228
     1342
     1380
     1448
     1516
     1528
     1560
     1560
     1632
     1798
     1730
     1768
     1810
     1912
     1834
     1982
     2028
     2056
     2078
     2118
     2148
     2310
     2316
     2348
     2480
     2350
     2464
     2482
     2468
     2496
     2504
     2510
     2500
     2388
     2416
     2380
     2310
     2354
     2284
     2288
     2204
     2172
     2046
     1930
     1898
     1910
     1784
     1684
     1602
     1606
     1526
     1474
     1400
     1388
     1366
     1234
     1186
     1188
     1094
     1098
     1010
     1010
      872
      914
      878
      826
      840
      806
      742
      760
      762
      780
      726
      748
      756
      688
      698
      708
      768
      716
      818
      796
      778
      788
      834
      842
      908
      884
      956
      994
      992
     1080
     1110
     1172
     1254
     1240
     1302
     1310
     1344
     1404
     1334
     1386
     1340
     1296
     1334
     1314
     1300
     1274
     1258
     1214
     1266
     1172
     1132
     1126
     1136
     1098
     1148
     1102
     1034
     1076
      996
      986
     1008
      892
      982
      946
      886
      860
      814
      794
      790
      792
      762
      734
      772
      702
      766
      736
      692
      714
      656
      666
      658
      660
      636
      644
      598
      596
      636
      584
      630
      574
      590
      600
      538
      590
      538
      578
      516
      492
      562
      518
      526
      482
      498
      478
      456
      486
      476
      448
      430
      400
      410
      440
      414
      434
      410
      404
      408
      372
      382
      340
      346
      384
      402
      374
      336
      370
      384
      396
      356
      344
      374
      360
      358
      368
      342
      330
      326
      338
      302
      294
      350
      346
      356
      340
      328
      310
      314
      338
      314
      346
      322
      318
      316
      318
      332
      298
      314
      322
      320
      314
      298
      326
      318
      298
      324
      336
      338
      314
      352
      328
      310
      338
      344
      390
      324
      342
      342
      352
      352
      386
      386
      344
      356
      376
      364
      406
      380
      404
      396
      426
      424
      446
      410
      494
      510
      454
      468
      502
      490
      522
      528
      498
      502
      560
      552
      576
      542
      584
      562
      636
      532
      592
      600
      622
      576
      586
      620
      594
      588
      608
      586
      596
      602
      580
      610
      558
      568
      584
      660
      682
      588
      650
      660
      684
      654
      648
      700
      708
      720
      724
      742
      762
      818
      752
      786
      872
      842
      846
      922
      930
      912
      916
     1038
      978
     1016
      982
     1106
     1076
     1130
     1118
     1174
     1164
     1132
     1182
     1132
     1150
     1062
     1096
     1044
     1024
      956
     1028
      922
      914
      862
      990
      936
      844
      832
      842
      856
      834
      786
      776
      774
      790
      702
      686
      702
      646
      670
      604
      612
      568
      600
      584
      606
      550
      590
      506
      536
      562
      514
      510
      550
      546
      500
      476
      492
      500
      520
      500
      462
      462
      472
      430
      454
      456
      478
      440
      414
      448
      446
      422
      418
      466
      432
      412
      388
      428
      424
      386
      412
      390
      402
      396
      376
      340
      352
      362
      326
      352
      364
      320
      354
      364
      324
      308
      346
      320
      310
      314
      286
      272
      290
      336
      324
      306
      314
      308
      292
      320
      326
      302
      306
      286
      304
      294
      296
      288
      312
      318
      292
      270
      298
      324
      266
      282
      282
      302
      272
      268
      292
      262
      284
      248
      264
      270
      244
      276
      294
      240
      242
      258
      252
      266
      238
      256
      264
      244
      274
      228
      218
      220
      236
      230
      256
      214
      212
      214
      238
      220
      212
      230
      208
      230
      240
      220
      220
      218
      232
      230
      214
      214
      228
      208
      228
      230
      252
      224
      208
      246
      208
      206
      226
      242
      214
      222
      200
      234
      224
      252
      250
      220
      246
      252
      272
      274
      276
      290
      232
      258
      282
      290
      274
      322
      288
      300
      308
      304
      338
      306
      332
      326
      338
      360
      388
      408
      400
      440
      458
      426
      468
      468
      444
      494
      564
      494
      548
      572
      540
      548
      654
      592
      664
      646
      632
      640
      626
      630
      646
      634
      578
      664
      568
      588
      612
      540
      574
      564
      512
      558
      566
      540
      516
      504
      444
      456
      508
      438
      416
      428
      440
      430
      412
      358
      342
      366
      308
      322
      344
      326
      330
      300
      286
      286
      288
      258
      272
      244
      266
      274
      262
      238
      230
      254
      248
      232
      220
      216
      256
      264
      236
      252
      220
      218
      238
      224
      216
      260
      214
      232
      200
      204
      216
      208
      216
      206
      208
      206
      222
      170
      218
      222
      208
      224
      202
      194
      218
      230
      192
      184
      204
      216
      194
      204
      202
      216
      192
      208
      194
      220
      216
      200
      192
      218
      216
      222
      214
      184
      220
      232
      240
      246
      260
      242
      248
      264
      244
      226
      268
      266
      304
      286
      292
      288
      300
      310
      298
      330
      312
      322
      334
      332
      360
      356
      332
      358
      374
      376
      386
      372
      376
      360
      396
      430
      422
      390
      364
      408
      408
      346
      382
      350
      380
      386
      388
      344
      364
      350
      356
      336
      380
      328
      352
      334
      358
      332
      308
      346
      336
      354
      354
      332
      342
      306
      316
      304
      306
      322
      298
      300
      306
      260
      286
      304
      284
      286
      314
      292
      270
      262
      272
      290
      248
      258
      262
      274
      260
      236
      240
      268
      254
      252
      236
      226
      254
      256
      248
      232
      214
      252
      246
      222
      190
      246
      228
      216
      220
      250
      246
      210
      220
      230
      226
      218
      222
      218
      234
      240
      222
      234
      234
      242
      216
      232
      242
      264
      250
      256
      272
      240
      244
      244
      280
      244
      262
      296
      270
      296
      300
      298
      308
      324
      316
      330
      326
      306
      304
      314
      346
      356
      336
      348
      334
      290
      318
      354
      374
      384
      392
      352
      400
      398
      372
      372
      408
      388
      396
      406
      440
      420
      470
      438
      448
      428
      468
      470
      454
      496
      526
      448
      560
      580
      568
      636
      584
      596
      638
      648
      650
      640
      680
      686
      748
      694
      680
      740
      732
      634
      714
      712
      702
      718
      678
      670
      698
      742
      696
      672
      680
      632
      682
      648
      592
      632
      562
      616
      550
      558
      542
      504
      496
      522
      490
      486
      508
      430
      430
      466
      414
      454
      400
      384
      400
      360
      348
      326
      418
      346
      326
      338
      318
      314
      310
      286
      312
      288
      296
      298
      298
      288
      264
      276
      310
      288
      264
      276
      298
      260
      262
      312
      272
      254
      286
      274
      264
      308
      252
      240
      288
      240
      284
      300
      256
      256
      296
      274
      278
      278
      270
      298
      280
      290
      296
      322
      330
      314
      308
      344
      348
      394
      334
      356
      384
      394
      436
      426
      438
      490
      470
      530
      532
      602
      608
      582
      664
      638
      680
      776
      754
      794
      818
      874
      918
      832
      930
      908
      996
      960
      970
      978
      936
      974
      972
      936
     1002
      982
      954
     1010
      982
      892
      936
      956
      926
      912
      878
      912
      894
      830
      826
      826
      762
      712
      744
      670
      704
      614
      638
      622
      580
      602
      580
      534
      540
      532
      494
      502
      482
      466
      438
      458
      476
      428
      394
      458
      378
      390
      396
      418
      362
      360
      352
      350
      340
      340
      322
      350
      336
      352
      308
      342
      344
      338
      292
      304
      302
      312
      358
      282
      268
      276
      260
      274
      262
      296
      302
      292
      284
      276
      258
      278
      296
      284
      292
      266
      248
      260
      290
      306
      256
      306
      274
      292
      276
      280
      302
      300
      290
      332
      328
      362
      302
      330
      346
      320
      356
      380
      374
      354
      376
      402
      410
      402
      394
      384
      452
      456
      444
      454
      400
      450
      458
      462
      494
      526
      442
      492
      492
      480
      480
      476
      482
      432
      448
      400
      402
      410
      398
      438
      422
      386
      352
      408
      396
      384
      426
      348
      368
      376
      348
      364
      344
      318
      364
      336
      334
      314
      290
      326
      268
      336
      320
      302
      280
      316
      270
      270
      292
      278
      302
      314
      312
      294
      328
      304
      296
      324
      322
      322
      352
      316
      340
      348
      342
      320
      322
      296
      312
      288
      308
      300
      310
      256
      292
      302
      294
      252
      304
      294
      294
      268
      284
      242
      296
      274
      272
      264
      224
      230
      256
      228
      212
      246
      212
      210
      224
      228
      224
      218
      214
      238
      194
      206
      184
      206
      210
      226
      212
      206
      194
      218
      220
      224
      232
      216
      210
      214
      194
      236
      206
      206
      196
      220
      234
      230
      202
      196
      224
      184
      202
      200
      196
      218
      212
      240
      180
      198
      194
      186
      204
      196
      220
      196
      184
      186
      200
      188
      172
      186
      190
      184
      204
      200
      190
      184
      198
      196
      200
      190
      200
      204
      170
      192
      170
      186
      192
      216
      204
      206
      210
      212
      182
      178
      198
      212
      182
      178
      210
      214
      202
      206
      186
      244
      206
      230
      238
      242
      274
      266
      258
      244
      244
      266
      286
      300
      290
      312
      282
      318
      334
      320
      348
      386
      396
      390
      386
      408
      414
      462
      436
      454
      470
      462
      512
      498
      462
      452
      468
      506
      492
      488
      478
      476
      478
      434
      486
      452
      500
      480
      486
      476
      502
      484
      428
      420
      450
      444
      492
      462
      448
      420
      430
      406
      408
      420
      400
      398
      400
      390
      396
      356
      388
      378
      386
      370
      386
      404
      374
      358
      358
      362
      352
      384
      360
      364
      374
      310
      346
      344
      374
      362
      312
      302
      368
      336
      352
      340
      356
      344
      342
      352
      362
      370
      352
      416
      348
      380
      370
      418
      406
      358
      438
      400
      418
      398
      438
      430
      406
      426
      374
      406
      396
      404
      402
      394
      424
      410
      404
      398
      394
      430
      416
      408
      430
      396
      410
      414
      438
      442
      404
      408
      478
      416
      452
      446
      430
      500
      432
      454
      486
      484
      478
      506
      478
      474
      480
      442
      448
      488
      456
      478
      428
      412
      462
      384
      448
      416
      466
      450
      412
      434
      446
      428
      414
      404
      418
      398
      406
      410
      408
      390
      384
      372
      388
      368
      362
      332
      386
      338
      316
      334
      380
      296
      316
      332
      352
      326
      288
      334
      290
      310
      322
      292
      300
      288
      292
      286
      278
      270
      250
      264
      276
      236
      226
      258
      262
      216
      230
      208
      234
      206
      248
      220
      246
      212
      206
      188
      214
      240
      200
      210
      184
      220
      184
      208
      224
      224
      200
      192
      214
      194
      202
      216
      178
      210
      198
      208
      178
      196
      174
      186
      196
      194
      196
      214
      224
      212
      186
      192
      216
      180
      212
      224
      210
      222
      172
      196
      200
      180
      198
      230
      202
      218
      184
      212
      208
      196
      208
      214
      224
      224
      214
      214
      228
      230
      226
      244
      198
      224
      216
      246
      238
      266
      246
      222
      248
      270
      242
      258
      246
      250
      252
      230
      266
      272
      222
      222
      256
      226
      254
      216
      236
      222
      236
      222
      222
      230
      236
      224
      194
      198
      200
      228
      194
      206
      178
      196
      198
      190
      202
      220
      206
      178
      180
      188
      186
      176
      192
      166
      176
      160
      196
      178
      176
      164
      164
      168
      146
      164
      164
      174
      160
      140
      180
      168
      140
      156
      176
      146
      164
      132
      188
      140
      178
      168
      156
      128
      180
      138
      162
      148
      158
      166
      200
      138
      162
      168
      174
      182
      156
      162
      184
      170
      158
      170
      192
      184
      172
      206
      170
      174
      196
      168
      198
      170
      188
      170
      168
      206
      218
      174
      170
      192
      202
      198
      194
      178
      196
      188
      176
      180
      206
      190
      196
      196
      176
      200
      218
      198
      204
      202
      202
      196
      190
      206
      186
      192
      186
      196
      178
      208
      228
      198
      210
      220
      194
      182
      206
      234
      218
      244
      210
      224
      228
      232
      214
      210
      218
      230
      230
      216
      216
      218
      204
      206
      232
      216
      220
      190
      184
      226
      230
      184
      226
      222
      216
      226
      214
      208
      228
      214
      226
      210
      200
      218
      198
      206
      208
      228
      184
      216
      198
      214
      200
      210
      194
      202
      204
      206
      202
      206
      178
      192
      210
      208
      212
      216
      194
      230
      214
      196
      248
      244
      206
      240
      212
      238
      186
      248
      248
      226
      240
      268
      236
      256
      250
      258
      240
      262
      276
      306
      260
      258
      284
      276
      312
      286
      274
      284
      292
      302
      328
      330
      294
      296
      332
      350
      302
      360
      328
      330
      358
      352
      396
      364
      404
      388
      380
      386
      410
      436
      404
      402
      384
      406
      368
      404
      382
      392
      402
      396
      374
      396
      374
      356
      398
      324
      348
      394
      352
      360
      320
      340
      328
      334
      318
      344
      316
      336
      296
      310
      312
      310
      336
      312
      314
      300
      308
      306
      282
      302
      288
      296
      302
      276
      284
      276
      292
      300
      290
      314
      306
      286
      308
      300
      294
      290
      298
      334
      308
      328
      320
      302
      318
      350
      372
      328
      338
      366
      392
      364
      348
      430
      406
      404
      398
      412
      426
      416
      440
      454
      470
      518
      502
      508
      512
      530
      558
      628
      592
      620
      618
      654
      634
      628
      696
      586
      614
      702
      672
      638
      668
      622
      626
      676
      636
      678
      666
      602
      636
      576
      646
      606
      582
      604
      584
      600
      586
      522
      546
      538
      530
      490
      488
      472
      520
      460
      484
      476
      466
      456
      430
      370
      410
      376
      402
      360
      370
      396
      324
      376
      346
      346
      344
      318
      300
      328
      296
      310
      290
      300
      254
      264
      302
      296
      348
      318
      302
      322
      288
      264
      308
      314
      340
      276
      296
      256
      258
      294
      300
      290
      302
      288
      284
      340
      330
      274
      300
      358
      328
      336
      318
      346
      330
      334
      340
      338
      358
      362
      358
      352
      310
      380
      310
      382
      354
      346
      394
      436
      326
      394
      380
      334
      354
      392
      424
      350
      400
      420
      324
      364
      382
      352
      360
      354
      372
      354
      356
      318
      342
      298
      302
      324
      352
      332
      322
      284
      310
      298
      286
      298
      270
      296
      272
      304
      256
      252
      268
      256
      242
      244
      260
      260
      242
      238
      202
      224
      238
      226
      212
      230
      252
      216
      180
      214
      228
      214
      240
      220
      230
      214
      202
      220
      188
      242
      210
      230
      206
      210
      226
      186
      210
      210
      182
      182
      214
      188
      214
      216
      224
      208
      224
      198
      196
      198
      220
      208
      200
      224
      230
      212
      198
      230
      214
      216
      210
      200
      222
      220
      222
      214
      248
      218
      242
      214
      248
      238
      240
      212
      234
      232
      216
      214
      206
      218
      220
      182
      194
      206
      238
      222
      210
      238
      212
      198
      218
      206
      196
      210
      184
      198
      214
      204
      224
      212
      196
      210
      194
      228
      216
      218
      206
      208
      236
      228
      218
      226
      202
      212
      200
      188
      210
      222
      234
      224
      206
      214
      206
      230
      206
      214
      250
      206
      212
      210
      200
      246
      236
      214
      252
      240
      204
      198
      210
      236
      260
      210
      230
      218
      228
      238
      242
      204
      228
      196
      224
      230
      228
      240
      216
      234
      220
      242
      228
      216
      224
      212
      242
      234
      216
      228
      220
      224
      220
      196
      224
      202
      228
      236
      218
      216
      190
      218
      200
      202
      204
      206
      214
      196
      222
      200
      226
      198
      198
      198
      194
      166
      182
      204
      192
      178
      174
      196
      186
      176
      184
      174
      192
      202
      200
      202
      184
      194
      188
      182
      194
      192
      182
      232
      192
      224
      182
      178
      194
      220
      226
      220
      210
      194
      214
      204
      206
      206
      212
      224
      212
      222
      190
      240
      218
      206
      232
      228
      214
      218
      216
      196
      216
      206
      212
      214
      246
      202
      220
      206
      258
      222
      212
      210
      228
      234
      234
      230
      210
      218
      222
      210
      216
      206
      210
      192
      232
      216
      200
      220
      198
      206
      228
      212
      210
      242
      226
      204
      222
      210
      202
      244
      250
      228
      254
      222
      226
      242
      234
      218
      240
      236
      242
      282
      258
      260
      244
      252
      246
      246
      254
      232
      272
      256
      272
      282
      266
      252
      278
      252
      278
      274
      286
      250
      254
      292
      284
      282
      262
      280
      282
      304
      326
      306
      300
      324
      326
      328
      296
      290
      348
      292
      294
      316
      302
      348
      342
      324
      336
      310
      318
      334
      318
      298
      324
      302
      326
      308
      346
      332
      332
      332
      326
      306
      364
      366
      378
      342
      354
      406
      404
      384
      392
      430
      384
      412
      406
      398
      452
      464
      418
      444
      490
      442
      488
      486
      508
      512
      526
      542
      500
      584
      526
      554
      548
      550
      574
      580
      622
      602
      638
      596
      646
      602
      618
      554
      594
      638
      594
      588
      594
      588
      626
      574
      576
      544
      606
      520
      504
      518
      516
      538
      504
      536
      528
      522
      512
      510
      516
      482
      482
      490
      434
      466
      496
      444
      458
      430
      438
      434
      392
      440
      418
      454
      398
      424
      406
      422
      412
      368
      392
      368
      386
      338
      358
      370
      350
      338
      314
      318
      308
      296
      290
      316
      346
      292
      318
      292
      312
      268
      270
      266
      292
      244
      266
      278
      282
      288
      280
      270
      286
      258
      280
      248
      250
      236
      236
      220
      242
      236
      270
      278
      246
      252
      230
      252
      268
      256
      256
      246
      240
      248
      244
      280
      222
      270
      256
      248
      284
      282
      262
      270
      254
      284
      256
      230
      268
      252
      260
      254
      242
      270
      258
      256
      270
      250
      240
      258
      228
      262
      280
      248
      256
      256
      276
      238
      280
      256
      252
      284
      256
      220
      242
      268
      252
      278
      236
      236
      218
      224
      248
      254
      236
      250
      226
      250
      260
      228
      220
      248
      248
      248
      238
      248
      244
      238
      252
      260
      246
      220
      234
      250
      230
      236
      234
      252
      252
      196
      234
      218
      258
      246
      246
      202
      192
      232
      222
      214
      248
      260
      202
      226
      200
      212
      222
      228
      234
      228
      232
      224
      244
      236
      236
      242
      218
      216
      214
      196
      200
      212
      226
      250
      222
      226
      210
      236
      218
      226
      214
      212
      246
      222
      218
      216
      238
      226
      216
      192
      236
      230
      226
      226
      194
      220
      228
      206
      214
      198
      222
      234
      222
      252
      244
      240
      256
      230
      210
      264
      236
      258
      248
      252
      230
      226
      236
      272
      234
      246
      234
      234
      250
      238
      248
      270
      262
      256
      272
      232
      234
      254
      244
      232
      236
      244
      248
      228
      232
      252
      244
      242
      258
      222
      246
      228
      242
      234
      224
      200
      234
      228
      196
      214
      218
      228
      190
      198
      216
      194
      188
      210
      202
      200
      246
      192
      210
      200
      218
      194
      206
      206
      174
      190
      188
      190
      184
      202
      210
      200
      186
      178
      200
      188
      182
      168
      216
      206
      198
      206
      186
      216
      206
      200
      172
      200
      188
      188
      182
      188
      212
      184
      216
      212
      210
      214
      202
      188
      200
      216
      202
      204
      214
      226
      172
      210
      204
      180
      208
      212
      192
      202
      194
      216
      220
      204
      208
      206
      190
      212
      240
      206
      218
      244
      222
      216
      212
      246
      222
      218
      222
      266
      232
      252
      246
      242
      236
      248
      254
      284
      264
      268
      260
      272
      280
      274
      290
      298
      292
      306
      302
      320
      310
      314
      314
      306
      300
      320
      318
      340
      308
      328
      322
      326
      326
      330
      318
      314
      320
      298
      308
      320
      290
      296
      270
      296
      284
      316
      300
      284
      268
      292
      280
      236
      292
      270
      268
      292
      270
      244
      266
      284
      234
      246
      238
      266
      244
      270
      246
      238
      238
      220
      234
      238
      234
      252
      232
      246
      214
      250
      228
      244
      230
      242
      270
      246
      214
      226
      232
      252
      244
      266
      222
      246
      232
      276
      288
      274
      282
      266
      260
      298
      264
      314
      330
      320
      308
      334
      310
      322
      352
      328
      334
      296
      382
      354
      354
      322
      368
      358
      372
      344
      336
      340
      384
      354
      354
      342
      390
      400
      360
      392
      336
      372
      356
      388
      354
      350
      368
      334
      326
      396
      340
      318
      354
      326
      368
      366
      356
      358
      334
      342
      334
      382
      338
      332
      326
      318
      340
      352
      328
      328
      314
      320
      332
      284
      320
      308
      278
      304
      322
      330
      300
      326
      350
      312
      316
      298
      302
      306
      294
      280
      318
      304
      292
      298
      318
      282
      294
      288
      274
      288
      304
      300
      288
      272
      284
      288
      290
      286
      312
      310
      316
      300
      286
      288
      306
      274
      270
      282
      296
      264
      258
      296
      270
      244
      248
      218
      256
      252
      220
      234
      236
      268
      228
      228
      232
      240
      220
      234
      252
      236
      244
      234
      216
      212
      244
      252
      216
      214
      228
      230
      200
      218
      198
      212
      208
      206
      212
      184
      218
      200
      208
      200
      230
      232
      204
      194
      196
      190
      208
      214
      230
      210
      214
      204
      234
      212
      236
      212
      230
      208
      224
      232
      210
      228
      206
      202
      202
      208
      214
      212
      230
      212
      218
      204
      214
      220
      236
      212
      200
      226
      258
      236
      222
      244
      248
      202
      230
      214
      224
      226
      210
      248
      226
      234
      244
      238
      236
      222
      220
      254
      270
      230
      238
      224
      250
      232
      222
      224
      252
      224
      264
      244
      224
      248
      218
      240
      268
      226
